商品编码,商品名称,第一数量,第一计量单位,第二数量,第二计量单位,美元
1012900,其他马，改良种用除外,21550,千克,49,头,774594
1022100,改良种用家牛,3174948,千克,12376,头,32455953
1022900,其他家牛，改良种用除...,3345396,千克,12469,头,28508747
1031000,改良种用猪,31250,千克,625,头,2708415
1051110,改良种用鸡，改良种用...,3136,千克,76544,只,2130721
1061390,其他骆驼及其他骆驼科...,35000,千克,1170,只,2223000
1061990,"未列名哺乳动物,改良...",132,千克,4306,只,1470883
1062019,其他改良种用爬行动物,3750,千克,2000,只,13541
1064910,改良种用昆虫,0,千克,540,只,521
1064990,"其他昆虫,改良种用除...",45,千克,59972,只,7722
1069090,"其他活动物,改良种用...",0,千克,265,只,3161
2012000,鲜或冷的带骨牛肉,59692,千克,0,—,1411517
2013000,鲜或冷的去骨牛肉,5558804,千克,0,—,69511758
2021000,冻整头及半头牛肉,157904,千克,0,—,410546
2022000,冻带骨牛肉,32521628,千克,0,—,114963124
2023000,冻去骨牛肉,209641774,千克,0,—,1495835582
2031900,其他鲜或冷的猪肉,764,千克,0,—,8129
2032200,冻带骨猪前腿、猪后腿...,39874654,千克,0,—,87407855
2032900,其他冻猪肉,111846714,千克,0,—,271099788
2042200,鲜或冷的带骨绵羊肉,3661,千克,0,—,107173
2042300,鲜或冷的去骨绵羊肉,864,千克,0,—,13913
2043000,冻整头及半头羔羊肉,264639,千克,0,—,1475479
2044100,冻整头及半头绵羊肉,1471912,千克,0,—,7554633
2044200,冻带骨绵羊肉,25187288,千克,0,—,136373824
2044300,冻去骨绵羊肉,2456772,千克,0,—,12123432
2045000,鲜、冷、冻山羊肉,3258,千克,0,—,16884
2050000,鲜、冷、冻的马、驴、...,83479,千克,0,—,217041
2062100,冻牛舌,169549,千克,0,—,2409384
2062200,冻牛肝,24435,千克,0,—,28319
2062900,其他冻牛杂碎,3050987,千克,0,—,18013649
2064100,冻猪肝,24009,千克,0,—,13244
2064900,其他冻猪杂碎,87497599,千克,0,—,246940941
2069000,其他冻杂碎（牛、猪杂...,308634,千克,0,—,1758771
2071200,整只鸡，冻的,1161165,千克,0,—,2010918
2071411,带骨的冻鸡块,8357730,千克,0,—,8922806
2071419,其他冻鸡块,2445,千克,0,—,4417
2071421,冻鸡翼（不包括翼尖）,31322219,千克,0,—,106029390
2071422,冻鸡爪,62278687,千克,0,—,289187903
2071429,其他冻鸡杂碎,6722397,千克,0,—,15112029
2072700,火鸡块及杂碎，冻的,1738290,千克,0,—,6301590
2089090,其他鲜、冷、冻的肉及...,176965,千克,0,—,1167228
2091000,未炼制或用其他方法提...,1768482,千克,0,—,2687142
2101110,干、熏、盐腌或盐渍带...,151420,千克,0,—,2290570
2101190,干、熏、盐腌或盐渍其...,333,千克,0,—,4488
2101900,其他干、熏、盐腌或盐...,52541,千克,0,—,1177124
3011100,淡水观赏鱼,21280,千克,0,—,2435355
3011900,其他观赏鱼,7835,千克,0,—,637975
3019210,鳗鱼苗,372,千克,0,—,37312
3019290,其他活鳗鱼，鱼苗除外,33321,千克,0,—,278666
3019999,其他活鱼,3402667,千克,0,—,17134552
3021100,鲜或冷的鳟鱼,287,千克,0,—,4965
3021300,鲜或冷的大麻哈鱼,37265,千克,0,—,586998
3021410,鲜或冷的大西洋鲑鱼,5243291,千克,0,—,69859654
3022200,鲜或冷的鲽鱼,446,千克,0,—,6947
3022900,其他鲜或冷的比目鱼,5986,千克,0,—,15814
3023510,鲜或冷的大西洋蓝鳍金...,2305,千克,0,—,83508
3023520,鲜或冷的太平洋蓝鳍金...,77524,千克,0,—,2137911
3023600,鲜或冷的南方蓝鳍金枪...,227,千克,0,—,4039
3023900,其他鲜或冷的金枪鱼,19434,千克,0,—,575170
3024400,鲜或冷的鲭鱼,2070,千克,0,—,39042
3024500,鲜或冷的对称竹荚鱼、...,1359,千克,0,—,23593
3024910,鲜、冷银鲳(鲳属),54906,千克,0,—,798158
3028910,鲜或冷的带鱼,3750,千克,0,—,42137
3028930,鲜或冷的鲳鱼(银鲳除...,3934,千克,0,—,45497
3028990,其他鲜或冷的鱼,757170,千克,0,—,4875750
3031100,冻红大麻哈鱼,968510,千克,0,—,7604028
3031200,其他冻大麻哈鱼,10109294,千克,0,—,39678887
3031310,冻大西洋鲑鱼,748632,千克,0,—,6859784
3031400,冻鳟鱼,164510,千克,0,—,1256198
3032400,冻鲶鱼,4778010,千克,0,—,10793010
3032600,冻鳗鱼,313968,千克,0,—,374993
3033110,冻马舌鲽(格陵兰庸鲽...,6357704,千克,0,—,38152871
3033190,其他冻庸鲽鱼,197193,千克,0,—,1781698
3033200,冻鲽鱼,70543,千克,0,—,71922
3033300,冻鳎鱼,104200,千克,0,—,334858
3033900,其他冻比目鱼,6964382,千克,0,—,12062054
3034900,其他冻金枪鱼,211890,千克,0,—,280300
3035100,冻鲱鱼,4593567,千克,0,—,4779089
3035300,冻的沙丁鱼、小沙丁鱼...,100370,千克,0,—,56465
3035400,冻鲭鱼,2112167,千克,0,—,4113117
3035500,冻的对称竹荚鱼、新西...,1114446,千克,0,—,1814180
3035910,冻银鲳(鲳属),59694,千克,0,—,553617
3035990,冻鳀鱼(鳀属）、冻印...,4450533,千克,0,—,8478086
3036300,冻鳕鱼,14820461,千克,0,—,78390044
3036400,冻黑线鳕鱼,3406596,千克,0,—,13626086
3036500,冻绿青鳕鱼,1438753,千克,0,—,8532398
3036600,冻狗鳕鱼,740897,千克,0,—,1332474
3036700,冻阿拉斯加狭鳕鱼,43344863,千克,0,—,62371897
3036800,冻蓝鳕鱼,3808379,千克,0,—,3586634
3036900,其他冻的犀鳕科、多丝...,2518613,千克,0,—,4202292
3038100,冻角鲨及其他鲨鱼,29401,千克,0,—,42761
3038200,冻魟鱼及鳐鱼,36710,千克,0,—,69858
3038300,冻南极犬牙鱼,248094,千克,0,—,7938235
3038910,冻带鱼,6402550,千克,0,—,14179972
3038920,冻黄鱼,290944,千克,0,—,444272
3038930,冻鲳鱼(银鲳除外),142011,千克,0,—,546390
3038990,未列名冻鱼,19672545,千克,0,—,43967834
3039100,冻的鱼肝、鱼卵及鱼精,614937,千克,0,—,10765434
3039200,冻鲨鱼翅,168943,千克,0,—,1656561
3039900,其他冻的可食用鱼杂碎,4043782,千克,0,—,15586252
3044100,鲜或冷的大麻哈鱼、大...,16603,千克,0,—,280532
3044900,其他鲜或冷的鱼片,11707,千克,0,—,193257
3045900,其他鲜或冷的鱼肉,6553,千克,0,—,518997
3046290,其他冻鲶鱼鱼片,11609437,千克,0,—,33043871
3047100,冻鳕鱼鱼片,38197,千克,0,—,321489
3047400,冻狗鳕鱼鱼片,10,千克,0,—,80
3047500,冻阿拉斯加狭鳕鱼鱼片,643311,千克,0,—,3144331
3047900,其他冻的犀鳕科、多丝...,215670,千克,0,—,816877
3048100,冻的大麻哈鱼、大西洋...,137279,千克,0,—,2084745
3048300,冻比目鱼鱼片,7535,千克,0,—,71730
3048500,冻南极犬牙鱼鱼片,5181,千克,0,—,259356
3048700,冻金枪鱼（金枪鱼属）...,45870,千克,0,—,1430265
3048900,其他冻鱼片,40347,千克,0,—,462568
3049200,冻南极犬牙鱼鱼肉,850,千克,0,—,2584
3049300,冻的罗非鱼、鲶鱼、鳗...,350120,千克,0,—,794289
3049400,冻阿拉斯加狭鳕鱼鱼肉,1110720,千克,0,—,5803955
3049500,冻的犀鳕科、多丝真鳕...,215341,千克,0,—,457367
3049900,其他冻鱼肉,3596007,千克,0,—,12843011
3052000,干、熏、盐腌或盐渍的...,29100,千克,0,—,2182798
3053900,其他干、盐腌或盐渍的...,50645,千克,0,—,94177
3054110,熏大西洋鲑鱼,320,千克,0,—,15338
3054900,其他熏鱼,288,千克,0,—,12488
3055200,干的罗非鱼、鲶鱼、鳗...,7900,千克,0,—,27650
3055490,干的鲱鱼(大西洋鲱鱼...,1126251,千克,0,—,1889797
3055990,其他干鱼,8840580,千克,0,—,18100869
3056990,未列名盐腌及盐渍的鱼,127300,千克,0,—,303128
3057100,鲨鱼翅,36076,千克,0,—,1075616
3057200,鱼头、鱼尾、鱼鳔,391671,千克,0,—,7835590
3057900,其他鱼鳍及其他可食用...,538978,千克,0,—,993178
3061100,冻的岩礁虾和其他龙虾,552037,千克,0,—,12781439
3061200,冻鳌龙虾,396127,千克,0,—,8025785
3061410,冻梭子蟹,129455,千克,0,—,283261
3061490,其他冻蟹,1350976,千克,0,—,21921849
3061500,冻挪威海鳌虾,38028,千克,0,—,514524
3061640,冻北方长额虾，虾仁除...,5879868,千克,0,—,48307774
3061690,其他冻冷水小虾及对虾...,756069,千克,0,—,14307519
3061730,其他冻小虾及对虾的虾...,3411813,千克,0,—,23734007
3061790,其他冻小虾及对虾，虾...,83835575,千克,0,—,557223237
3061990,其他冻甲壳动物,26008,千克,0,—,1323731
3063190,活、鲜或冷的岩礁虾和...,2447957,千克,0,—,136142255
3063290,活、鲜或冷的鳌龙虾，...,2770952,千克,0,—,70729713
3063399,其他活、鲜或冷的蟹，...,8200519,千克,0,—,149518120
3063490,其他活、鲜或冷的挪威...,645,千克,0,—,36330
3063590,活、鲜或冷的冷水小虾...,70,千克,0,—,4213
3063610,其他小虾种苗及对虾种...,959,千克,0,—,1487200
3063690,活、鲜或冷的其他小虾...,44370,千克,0,—,1142825
3063910,其他甲壳动物的种苗,363,千克,0,—,159696
3063990,未列名活、鲜或冷的甲...,130412,千克,0,—,5990206
3069590,本品目所列其他方法加...,123227,千克,0,—,994558
3071190,活、鲜或冷的牡蛎，种...,223449,千克,0,—,2891252
3071200,冻牡蛎,14600,千克,0,—,71576
3072199,活、鲜、冷的其他扇贝...,192694,千克,0,—,824606
3072210,冻的扇贝（扇贝属、栉...,29499,千克,0,—,1016072
3072290,冻的其他扇贝科软体动...,10763860,千克,0,—,35389608
3072910,干、盐腌、盐渍或熏制...,47340,千克,0,—,272247
3073190,活、鲜或冷的贻贝，种...,264308,千克,0,—,1111590
3073200,冻贻贝,162665,千克,0,—,970616
3074291,活、鲜或冷的墨鱼（乌...,510,千克,0,—,20498
3074310,冻的墨鱼（乌贼属、巨...,12083998,千克,0,—,42901332
3074390,其他冻的墨鱼及鱿鱼,7409734,千克,0,—,20983029
3074910,干、盐腌、盐渍或熏制...,1521775,千克,0,—,4868534
3074990,其他干、盐腌、盐渍或...,211963,千克,0,—,485800
3075200,冻章鱼,988015,千克,0,—,2921049
3076090,活、鲜、冷、冻、干、...,16866,千克,0,—,30450
3077191,活、鲜或冷的蛤，种苗...,41402,千克,0,—,125680
3077199,活、鲜或冷的鸟蛤及舟...,16994,千克,0,—,183100
3077200,冻的蛤、鸟蛤及舟贝,495404,千克,0,—,3575301
3078190,活、鲜或冷的鲍鱼，种...,93434,千克,0,—,5320155
3078300,冻鲍鱼,10818,千克,0,—,762373
3078400,冻凤螺,256258,千克,0,—,619467
3078700,干、盐腌、盐渍或熏制...,1480,千克,0,—,564408
3079190,未列名活、鲜、冷的软...,978930,千克,0,—,20689206
3079200,未列名冻的软体动物,1505990,千克,0,—,6115156
3079900,未列名干、盐腌、盐渍...,15823,千克,0,—,16041
3081200,冻海参,643278,千克,0,—,1972867
3082190,活、鲜或冷的海胆，种...,2607,千克,0,—,858987
3083090,冻、干、盐腌、盐渍或...,4944023,千克,0,—,9368886
3089012,"活、鲜或冷的沙蚕, ...",220,千克,0,—,4634
3089019,未列名活、鲜或冷的不...,3529,千克,0,—,186193
3091000,适合供人食用的鱼的细...,600,千克,0,—,25574
3099000,适合供人食用的甲壳动...,315120,千克,0,—,906054
4011000,未浓缩及未加糖或其他...,6942552,千克,0,—,5436603
4012000,未浓缩及未加糖或其他...,50995997,千克,0,—,47619463
4015000,未浓缩及未加糖或其他...,20947412,千克,0,—,80905102
4021000,粉状、粒状或其他固状...,25090937,千克,0,—,112088542
4022100,粉状、粒状或其他固状...,29420147,千克,0,—,141934537
4022900,粉状、粒状或其他固状...,168504,千克,0,—,2137714
4029100,非固状乳及稀奶油，未...,1249941,千克,0,—,2230003
4029900,非固状乳及稀奶油，加...,1106689,千克,0,—,2500708
4032010,酸乳，不论是否浓缩，...,788117,千克,0,—,1205859
4032090,其他酸乳,536924,千克,0,—,1807597
4039000,酪乳、结块的乳及稀奶...,140710,千克,0,—,616829
4041000,乳清及改性乳清，不论...,62617304,千克,0,—,93994453
4049000,未列名含天然乳产品，...,869585,千克,0,—,2658997
4051000,黄油,6245527,千克,0,—,43795431
4052000,乳酱,154,千克,0,—,7608
4059000,其他从乳中提取的脂和...,3101016,千克,0,—,20609752
4061000,鲜乳酪包括乳清乳酪；...,4981735,千克,0,—,25514035
4062000,各种磨碎或粉化的乳酪,1924310,千克,0,—,11800656
4063000,经过加工的乳酪（但磨...,2031668,千克,0,—,12443123
4064000,蓝纹乳酪和娄地青霉生...,11771,千克,0,—,133610
4069000,未列名的乳酪,1385887,千克,0,—,8696144
4090000,天然蜂蜜,386310,千克,0,—,3507609
4109010,燕窝,45992,千克,0,—,59831317
4109029,其他蜂产品,3546,千克,0,—,502339
5040011,盐渍猪肠衣（猪大肠头...,4647584,千克,0,—,12919278
5040012,盐渍绵羊肠衣,132840,千克,0,—,160214
5040019,其他动物肠衣,2887520,千克,0,—,5671747
5040021,冷、冻的鸡肫,530290,千克,0,—,1261179
5040029,其他动物的胃,7536672,千克,0,—,57168660
5040090,其他动物肠及膀胱，整...,319556,千克,0,—,900908
5051000,填充用羽毛；羽绒,2100024,千克,0,—,17382165
5059090,其他羽毛；带有羽毛或...,152727,千克,0,—,893818
5069090,其他未经加工或经脱脂...,2764147,千克,0,—,1517876
5071000,兽牙；兽牙粉末及废料,17428,千克,0,—,981236
5079020,鹿茸及其粉末,11164,千克,0,—,566850
5079090,龟壳、鲸须、其他兽角...,225070,千克,0,—,827924
5080090,珊瑚及类似品；软体、...,2256878,千克,0,—,1849095
5100020,龙涎香、海狸香、灵猫...,26,千克,0,—,520
5100090,未列名配药用腺体及其...,15752,千克,0,—,888400
5111000,牛的精液,640,千克,918052,支,6997346
5119111,受精鱼卵,294,千克,0,—,231274
5119119,其他鱼产品,153300,千克,0,—,198022
5119190,未列名甲壳动物、软体...,227369,千克,0,—,578840
5119910,动物精液（牛的精液除...,5,千克,0,—,27397
5119920,动物胚胎,125799,千克,0,—,1208902
5119940,马毛及废马毛，不论是...,898030,千克,0,—,748432
5119990,其他品目未列名动物产...,105227,千克,0,—,645758
6011010,番红花球茎,22500,个,242,千克,3550
6011021,种用百合球茎,36199415,个,3993782,千克,11665362
6011091,种用休眠的鳞茎、块茎...,35412751,个,1216322,千克,7571865
6012000,生长或开花的鳞茎、块...,39775,个,1401,千克,27556
6021000,无根插枝及接穗植物,983278,株,160884,千克,220270
6022010,食用水果或坚果种用苗...,800,株,25,千克,1414
6023090,其他杜鹃，不论是否嫁...,2650,株,42950,千克,81131
6024010,种用玫瑰,1305,株,118,千克,2688
6029010,蘑菇菌丝,131872,千克,0,—,316626
6029091,其他种用苗木,2430232,株,23945,千克,456569
6029092,兰花，种用除外,25,株,2,千克,2784
6029099,未列名活植物,120466,株,222183,千克,391552
6031100,鲜的制花束或装饰用的...,14810,千克,188233,枝,225199
6031200,鲜的制花束或装饰用的...,1760,千克,30920,枝,13391
6031300,鲜的制花束或装饰用的...,468256,千克,19861116,枝,1371228
6031400,鲜的制花束或装饰用的...,15069,千克,202720,枝,81938
6031500,鲜的制花束或装饰用的...,1372,千克,23864,枝,30279
6031900,其他鲜的制花束或装饰...,143418,千克,2747570,枝,2280702
6039000,制花束或装饰用的插花...,6250,千克,3723645,枝,116677
6042010,鲜的苔藓及地衣,290,千克,0,—,6397
6042090,鲜的制花束或装饰用的...,43842,千克,0,—,717315
6049090,未列名制花束或装饰用...,1866,千克,0,—,12380
7096000,鲜或冷藏的辣椒属及多...,180,千克,0,—,1804
7102100,冷冻豌豆,2697950,千克,0,—,3411790
7104000,冷冻甜玉米,116711,千克,0,—,143639
7114000,暂时保藏的黄瓜及小黄...,153560,千克,0,—,73784
7119031,盐水竹笋,9660,千克,0,—,52454
7119039,盐水的其他蔬菜及什锦...,35800,千克,0,—,53452
7122000,干洋葱,60,千克,0,—,658
7129050,干大蒜,184,千克,0,—,2157
7129099,未列名干蔬菜及什锦蔬...,233,千克,0,—,9611
7131010,种用豌豆,57003,千克,0,—,99449
7131090,其他干豌豆,14936870,千克,0,—,8677642
7132090,其他干鹰嘴豆,290000,千克,0,—,320900
7133190,其他干绿豆,39301522,千克,0,—,39801795
7133310,种用芸豆,100,千克,0,—,175
7133390,其他干芸豆,1226652,千克,0,—,919434
7133500,干牛豆(豇豆),4771420,千克,0,—,3893849
7134090,其他干扁豆,918478,千克,0,—,896531
7139090,其他脱荚干豆，种用除...,7226815,千克,0,—,9670149
7141020,木薯干,252887596,千克,0,—,76022115
7144000,芋头(芋属),59790,千克,0,—,75341
7149090,鲜、冷、冻或干的竹芋...,55475,千克,0,—,58556
8011100,干椰子,1945953,千克,0,—,2165674
8011200,未去内壳（内果皮）的...,114488649,千克,0,—,59209212
8011990,其他椰子,45360,千克,0,—,32915
8013100,未去壳腰果,1580724,千克,0,—,1439401
8013200,去壳腰果,3464038,千克,0,—,19906145
8021100,未去壳扁桃核,5556271,千克,0,—,20993852
8021200,去壳扁桃核,5281816,千克,0,—,28317746
8022200,去壳榛子,121008,千克,0,—,972835
8023100,未去壳核桃,473450,千克,0,—,1200385
8023200,去壳核桃,11848,千克,0,—,89451
8024110,未去壳板栗,2259510,千克,0,—,4521406
8025100,未去壳阿月浑子果(开...,2326243,千克,0,—,15247811
8025200,去壳阿月浑子果(开心...,30938,千克,0,—,427569
8026190,其他未去壳马卡达姆坚...,6893560,千克,0,—,29820033
8026200,去壳马卡达姆坚果(夏...,683222,千克,0,—,7276486
8028000,槟榔果,3632124,千克,0,—,4983034
8029100,未去壳松子,2729981,千克,0,—,18850891
8029200,去壳松子,446670,千克,0,—,8119642
8029990,未列名鲜或干的坚果,8403110,千克,0,—,44684634
8039000,鲜或干的香蕉，芭蕉除...,121800226,千克,0,—,74157848
8041000,鲜或干的椰枣,663952,千克,0,—,363415
8042000,鲜或干的无花果,628744,千克,0,—,922803
8043000,鲜或干的菠萝,16833070,千克,0,—,15725256
8044000,鲜或干的鳄梨,3463615,千克,0,—,7906382
8045020,鲜或干的芒果,9690,千克,0,—,125384
8045030,鲜或干的山竹果,5134193,千克,0,—,17703217
8051000,鲜或干的橙,59039408,千克,0,—,63541266
8052110,蕉柑,132435,千克,0,—,210619
8052190,其他柑橘（包括小蜜橘...,19214544,千克,0,—,35089085
8052900,韦尔金橘及类似的杂交...,2706937,千克,0,—,4179179
8054000,葡萄柚及柚,5136486,千克,0,—,6849695
8055000,柠檬及酸橙,5787990,千克,0,—,5828098
8061000,鲜葡萄,48844,千克,0,—,510168
8062000,葡萄干,822086,千克,0,—,2023764
8071990,其他鲜甜瓜,18500,千克,0,—,24273
8072000,鲜番木瓜,228027,千克,0,—,286303
8081000,鲜苹果,14685846,千克,0,—,32931062
8083090,其他鲜梨,245175,千克,0,—,406819
8092900,其他鲜樱桃,2243234,千克,0,—,22165318
8093000,鲜桃，包括油桃,20727,千克,0,—,62482
8094000,鲜李及黑刺李,829791,千克,0,—,4314505
8104000,鲜蔓越橘及越橘及其他...,6841688,千克,0,—,56369501
8105000,鲜猕猴桃,11045003,千克,0,—,43724384
8106000,鲜榴莲,15424823,千克,0,—,76936461
8109030,鲜龙眼,27801266,千克,0,—,38840390
8109040,鲜红毛丹,34585,千克,0,—,65434
8109050,鲜番荔枝,144681,千克,0,—,478656
8109070,鲜莲雾,23194,千克,0,—,82048
8109080,鲜火龙果,34912210,千克,0,—,31034310
8109090,未列名鲜果,4977092,千克,0,—,4836519
8111000,冷冻草莓,3650711,千克,0,—,5585558
8112000,冷冻木莓、黑莓、桑椹...,106251,千克,0,—,456489
8119090,未列名冷冻水果及坚果,17268415,千克,0,—,122011261
8129000,其他暂时保藏的水果及...,20880,千克,0,—,11484
8131000,杏干,468433,千克,0,—,581684
8132000,梅干及李干,2343695,千克,0,—,7084969
8133000,苹果干,18,千克,0,—,1852
8134010,龙眼干、肉,28222107,千克,0,—,37603514
8134090,未列名干果,526160,千克,0,—,1740493
8140000,柑桔属水果或甜瓜（包...,140440,千克,0,—,212498
9011100,未焙炒未浸除咖啡碱的...,13501825,千克,0,—,74998983
9012100,已焙炒未浸除咖啡碱的...,1498412,千克,0,—,20837377
9012200,已焙炒已浸除咖啡碱的...,113694,千克,0,—,1661890
9019010,咖啡豆荚及咖啡豆皮,1,千克,0,—,108
9019020,含咖啡的咖啡代用品,19,千克,0,—,375
9021010,花茶，内包装每件净重...,4862,千克,0,—,161664
9021090,绿茶，内包装每件净重...,55835,千克,0,—,601179
9022010,花茶，内包装每件净重...,6,千克,0,—,1264
9022090,绿茶，内包装每件净重...,217993,千克,0,—,379200
9023010,乌龙茶，内包装每件净...,15426,千克,0,—,294828
9023031,普洱茶（熟茶），内包...,93,千克,0,—,4556
9023039,黑茶（普洱熟茶除外）...,82,千克,0,—,5680
9023090,红茶及其他部分发酵茶...,178035,千克,0,—,1628865
9024010,乌龙茶，内包装每件净...,56376,千克,0,—,392994
9024039,黑茶（普洱熟茶除外）...,250,千克,0,—,3700
9024090,红茶及其他部分发酵茶...,2227974,千克,0,—,5542618
9030000,马黛茶,4,千克,0,—,108
9041100,未磨胡椒,829082,千克,0,—,3945043
9041200,已磨胡椒,13192,千克,0,—,95815
9042100,未磨的辣椒干,11974319,千克,0,—,36399778
9042200,已磨的辣椒,17167,千克,0,—,62372
9051000,未磨的香子兰豆,880,千克,0,—,44846
9061100,未磨的锡兰肉桂,50000,千克,0,—,250000
9061900,其他未磨的肉桂及肉桂...,83620,千克,0,—,89017
9062000,已磨的肉桂及肉桂花,413,千克,0,—,15886
9071000,未磨的丁香（母丁香、...,376680,千克,0,—,948406
9081100,未磨的肉豆蔻,557110,千克,0,—,2841697
9083100,未磨的豆蔻,1748895,千克,0,—,6098064
9092100,未磨的芫荽子,806250,千克,0,—,999701
9092200,已磨的芫荽子,200,千克,0,—,924
9093100,未磨的枯茗子,10793000,千克,0,—,32212606
9096110,未磨的八角茴香,22000,千克,0,—,79819
9096190,未磨的茴芹子、艹页蒿...,323250,千克,0,—,566834
9101100,未磨的姜,815987,千克,0,—,507160
9102000,番红花,1666,千克,0,—,584588
9103000,姜黄,1997280,千克,0,—,1129801
9109100,不同品目的≥两种调味...,22401,千克,0,—,97717
9109900,未列名调味香料,910149,千克,0,—,2070469
10011100,种用硬粒小麦,1,千克,0,—,1
10011900,其他硬粒小麦,49333937,千克,0,—,23571894
10019900,其他小麦及混合麦，种...,314271213,千克,0,—,115974866
10039000,其他大麦,361564894,千克,0,—,136305756
10041000,种用燕麦,5,千克,0,—,82
10049000,其他燕麦,50998393,千克,0,—,15521905
10051000,种用玉米,98,千克,0,—,4760
10059000,玉米，种用除外,1533963962,千克,0,—,642612837
10062020,长粒米糙米（粒长＞6...,1800,千克,0,—,2215
10063020,长粒米精米（粒长＞6...,163347137,千克,0,—,78252558
10063080,中短粒米精米（粒长≤...,4074300,千克,0,—,1633717
10064020,长粒米碎米（用粒长大...,267520200,千克,0,—,100929693
10064080,中短粒米碎米（用粒长...,53162770,千克,0,—,19454421
10071000,种用食用高粱,20,千克,0,—,1065
10079000,其他食用高粱,919848950,千克,0,—,342347823
10082100,种用谷子,3,千克,0,—,49
10083000,加那利草子,506870,千克,0,—,496534
10085090,其他昆诺阿藜,135000,千克,0,—,322046
11010000,小麦或混合麦的细粉,6607844,千克,0,—,4061444
11022000,玉米细粉,163435,千克,0,—,111041
11029021,长粒米大米细粉（用粒...,250500,千克,0,—,202550
11029029,中短粒米大米细粉（用...,1749250,千克,0,—,2150754
11029090,未列名谷物细粉,3479,千克,0,—,17167
11041200,滚压或制片的燕麦,400757,千克,0,—,260059
11041990,其他滚压或制片的谷物,430100,千克,0,—,158923
11042200,经其他加工的燕麦,1242835,千克,0,—,795510
11042990,经其他加工的未列名谷...,5231168,千克,0,—,5622769
11051000,马铃薯细粉及粗粉、粉...,95232,千克,0,—,163323
11052000,马铃薯粉片、颗粒及团...,783500,千克,0,—,955965
11061000,品目0713干豆制细...,22047,千克,0,—,15446
11062000,品目0714西谷茎髓...,120000,千克,0,—,348300
11063000,第8章产品制细粉及粗...,16307,千克,0,—,58621
11071000,未焙制的麦芽,890000,千克,0,—,723964
11072000,已焙制的麦芽,153325,千克,0,—,136785
11081100,小麦淀粉,71100,千克,0,—,48543
11081200,玉米淀粉,545744,千克,0,—,1082209
11081300,马铃薯淀粉,2240335,千克,0,—,2098643
11081400,木薯淀粉,355381554,千克,0,—,182465335
11081900,未列名淀粉,436787,千克,0,—,363461
11082000,菊粉,371120,千克,0,—,936068
11090000,面筋，不论是否干制,70655,千克,0,—,194042
12011000,种用大豆,3,千克,0,—,494
12019011,非转基因黄大豆,88285889,千克,0,—,53064218
12019019,转基因黄大豆,7558892091,千克,0,—,5411595058
12024100,其他未去壳花生，种用...,2335281,千克,0,—,1927988
12024200,其他去壳花生，不论是...,33376659,千克,0,—,36015763
12040000,亚麻子，不论是否破碎,33149072,千克,0,—,21416885
12051090,其他低芥子酸油菜子,59909372,千克,0,—,51020213
12059090,未列名油菜子,3046900,千克,0,—,2122599
12060010,种用葵花子,201,千克,0,—,64907
12060090,其他葵花子,11557108,千克,0,—,6211704
12071090,其他棕榈果及棕榈仁,545714,千克,0,—,132231
12072900,其他棉子,83117600,千克,0,—,37015836
12073090,其他蓖麻子,96000,千克,0,—,99411
12074090,其他芝麻,100581528,千克,0,—,160769610
12075090,其他芥子,180311,千克,0,—,254530
12076090,其他红花子,2213534,千克,0,—,884936
12077010,种用甜瓜子,2348,千克,0,—,673263
12079991,牛油树果,131160,千克,0,—,41168
12079999,未列名含油子仁及果实,184189,千克,0,—,337773
12091000,糖甜菜子,8,千克,0,—,322
12092100,紫苜蓿子,132213,千克,0,—,545677
12092200,三叶草子,204593,千克,0,—,1079325
12092300,羊茅子,24957,千克,0,—,89691
12092500,黑麦草种子,3369792,千克,0,—,9637820
12093000,草本花卉植物种子,6670,千克,0,—,1877590
12099100,蔬菜种子,840355,千克,0,—,33852142
12099900,其他种植用种子、果实...,44049,千克,0,—,260614
12101000,啤酒花，未经研磨也未...,16,千克,0,—,737
12102000,啤酒花，经研磨或制成...,341390,千克,0,—,2963615
12112011,鲜或干的西洋参,173661,千克,0,—,4075303
12112092,其他干人参,19799,千克,0,—,9239861
12112099,其他冷或冻的人参,51,千克,0,—,37598
12119015,菊花,12,千克,0,—,627
12119017,贝母,1400,千克,0,—,8400
12119032,大海子,16300,千克,0,—,48393
12119033,沉香,6840,千克,0,—,12312
12119036,甘草,1475992,千克,0,—,1258128
12119039,未列名主要用作药料的...,7075780,千克,0,—,9469990
12119050,主要用作香料的植物及...,1721175,千克,0,—,2889273
12119099,主要用作杀虫、杀菌等...,3575913,千克,0,—,3315655
12122110,海带,8902,千克,0,—,48954
12122120,发菜,3600,千克,0,—,13048
12122131,干的裙带菜,696,千克,0,—,15481
12122141,干紫菜,331757,千克,0,—,3615516
12122161,干麒麟菜,10370800,千克,0,—,27800281
12122169,其他麒麟菜,230390,千克,0,—,696959
12122171,干江蓠,3057485,千克,0,—,3287306
12122190,未列名适合供人食用的...,34263,千克,0,—,129462
12122910,马尾藻,4386584,千克,0,—,1348817
12122990,其他不适合供人食用的...,6482937,千克,0,—,16270596
12129200,刺槐豆，包括刺槐豆子,16250,千克,0,—,25838
12129996,甜叶菊叶,69925,千克,0,—,182662
12129999,未列名食用植物产品,4805452,千克,0,—,12139562
12130000,未经处理的谷类植物的...,1352224,千克,0,—,481665
12141000,紫苜蓿粗粉及团粒,4587930,千克,0,—,1492940
12149000,其他草饲料,226414305,千克,0,—,122965798
13012000,阿拉伯胶,564510,千克,0,—,1955680
13019020,乳香、没药及血竭,456660,千克,0,—,1943870
13019040,松脂,539250,千克,0,—,482742
13019090,未列名树胶、树脂,718204,千克,0,—,1307851
13021200,甘草液汁及浸膏,277965,千克,0,—,1395876
13021910,生漆,47980,千克,0,—,383989
13021920,印楝素,0,千克,0,—,1573
13021990,其他植物液汁及浸膏,676584,千克,0,—,8707671
13022000,果胶、果胶酸盐及果胶...,240404,千克,0,—,3442879
13023100,琼脂,27480,千克,0,—,423049
13023200,从刺槐豆、刺槐豆子或...,2318278,千克,0,—,5806159
13023911,卡拉胶,871413,千克,0,—,14413211
13023919,未列名海草及藻类产品...,4867,千克,0,—,30953
13023990,其他植物产品制得的胶...,186785,千克,0,—,1225756
14011000,竹,90716,千克,0,—,29500
14012000,藤,1230241,千克,0,—,1292783
14019090,未列名主要作编结用的...,344267,千克,0,—,164190
14042000,棉短绒,1474604,千克,0,—,1036586
14049010,主要供染料、鞣料用的...,1936616,千克,0,—,2166911
14049090,其他品目未列名的植物...,25213870,千克,0,—,6570614
15011000,猪油,7,千克,0,—,150
15021000,牛、羊油脂,2190320,千克,0,—,3427709
15029000,其他牛、羊脂肪,1922652,千克,0,—,5373969
15041000,鱼肝油及其分离品,34524,千克,0,—,1330336
15042000,除鱼肝油以外的鱼油、...,7906531,千克,0,—,47983623
15043000,海生哺乳动物的油、脂...,279,千克,0,—,22756
15060000,其他动物油、脂及其分...,12879,千克,0,—,3002956
15071000,初榨的豆油,3460520,千克,0,—,4958815
15079000,其他豆油及其分离品,936911,千克,0,—,1359391
15081000,初榨的花生油,23503942,千克,0,—,46796119
15089000,其他花生油及其分离品,29375,千克,0,—,42762
15092000,特级初榨油橄榄油,3363946,千克,0,—,14884422
15093000,初榨油橄榄油，游离酸...,15455,千克,0,—,81863
15094000,其他初榨油橄榄油,4,千克,0,—,137
15099000,其他油橄榄油及其分离...,1078327,千克,0,—,4161513
15109000,其他橄榄油及其分离品...,199581,千克,0,—,601152
15111000,初榨的棕榈油,266,千克,0,—,2724
15119010,棕榈液油（熔点19℃...,611403596,千克,0,—,704424695
15119020,棕榈硬脂（熔点44℃...,162780815,千克,0,—,165192100
15119090,其他棕榈油及其分离品,1153858,千克,0,—,1999914
15121100,初榨的葵花油或红花油,27371846,千克,0,—,47493368
15121900,其他葵花油或红花油及...,108018,千克,0,—,337471
15122900,其他棉子油及其分离品,14,千克,0,—,424
15131100,初榨的椰子油,31478,千克,0,—,135107
15131900,其他椰子油及其分离品,9937974,千克,0,—,16315553
15132100,初榨的棕榈仁油或巴巴...,8001929,千克,0,—,14253858
15132900,其他棕榈仁油或巴巴苏...,40307939,千克,0,—,47630157
15141100,初榨的低芥子酸菜子油,45415936,千克,0,—,74862521
15141900,其他低芥子酸菜子油及...,275295,千克,0,—,797837
15149110,初榨的菜子油,1411,千克,0,—,5403
15149190,初榨的芥子油,1,千克,0,—,20
15149900,其他菜子油或芥子油及...,6,千克,0,—,79
15151100,初榨的亚麻子油,2873767,千克,0,—,4462343
15151900,其他亚麻子油及其分离...,68938,千克,0,—,245851
15152900,其他玉米油及其分离品,216,千克,0,—,416
15153000,蓖麻油及其分离品,9639678,千克,0,—,18656847
15155000,芝麻油及其分离品,13923,千克,0,—,145088
15156000,微生物油、脂及其分离...,8445,千克,0,—,1574714
15159010,希蒙得木油（霍霍巴油...,48873,千克,0,—,613515
15159090,未列名固定植物油、脂...,1327615,千克,0,—,19919802
15161000,"全部或部分氢化,相互...",690,千克,0,—,35258
15162000,氢化酯化或反油酸化的...,50490138,千克,0,—,68007085
15171000,人造黄油，液态的除外,2395916,千克,0,—,2945631
15179010,起酥油,113798508,千克,0,—,149305422
15179090,其他本章动植物或微生...,2418546,千克,0,—,15848109
15180000,化学改性动植物或微生...,1893335,千克,0,—,4024168
15200000,粗甘油；甘油水及甘油...,108204115,千克,0,—,72128554
15211000,植物蜡,54923,千克,0,—,491589
15219010,蜂蜡,18554,千克,0,—,196230
16010010,用天然肠衣做外包装的...,303,千克,0,—,6002
16010020,其他肉、食用杂碎、动...,30293,千克,0,—,398529
16024990,未列名制作或保藏的猪...,1065,千克,0,—,21453
16025010,牛肉及杂碎罐头,192,千克,0,—,1605
16030000,肉、鱼、甲壳动物、软...,11242,千克,0,—,68005
16041110,制作或保藏的大西洋鲑...,240,千克,0,—,11757
16041190,制作或保藏的其他鲑鱼...,2352,千克,0,—,21569
16041200,制作或保藏的鲱鱼，整...,6536,千克,0,—,63176
16041300,制作或保藏的沙丁鱼、...,9633,千克,0,—,62531
16041400,制作或保藏的金枪鱼、...,295755,千克,0,—,1740809
16041500,制作或保藏的鲭鱼，整...,5635,千克,0,—,38088
16041600,制作或保藏的鳀鱼，整...,1296,千克,0,—,7214
16041800,制作或保藏的鲨鱼翅,5040,千克,0,—,68339
16041990,未列名制作或保藏的鱼...,627694,千克,0,—,838953
16042019,其他绞碎制作或保藏的...,17308,千克,0,—,168755
16042099,其他绞碎制作或保藏的...,1057216,千克,0,—,6219342
16043200,鲟鱼子酱代用品,6000,千克,0,—,269651
16051000,制作或保藏的蟹,540,千克,0,—,12228
16052100,非密封包装制作或保藏...,32,千克,0,—,214
16052900,其他制作或保藏的小虾...,283805,千克,0,—,3875971
16053000,制作或保藏的龙虾,1329,千克,0,—,161531
16054011,制作或保藏的淡水小龙...,23470,千克,0,—,201842
16055200,制作或保藏的扇贝，包...,167484,千克,0,—,1370061
16055300,制作或保藏的贻贝,81385,千克,0,—,263425
16055400,制作或保藏的墨鱼及鱿...,644413,千克,0,—,2496626
16055500,制作或保藏的章鱼,16920,千克,0,—,184631
16055700,制作或保藏的鲍鱼,3306,千克,0,—,214181
16055800,制作或保藏的蜗牛及螺...,3562,千克,0,—,37543
16055900,其他制作或保藏的软体...,390566,千克,0,—,1176744
16056100,制作或保藏的海参,285891,千克,0,—,9933448
17011400,"其他甘蔗糖, 未加香...",741753090,千克,0,—,349436656
17019100,加香料或着色剂的甘蔗...,20738,千克,0,—,20267
17019910,砂糖,35350374,千克,0,—,21395809
17019990,未列名精制糖；化学纯...,5378,千克,0,—,63425
17021100,无水乳糖，重量计干燥...,10228586,千克,0,—,15475354
17021900,其他乳糖及乳糖浆,23394,千克,0,—,82325
17022000,槭糖及槭糖浆,3701,千克,0,—,22323
17023000,葡萄糖及葡萄糖浆，果...,81631,千克,0,—,505687
17024000,葡萄糖及糖浆，20％...,20881,千克,0,—,16202
17025000,化学纯果糖,160020,千克,0,—,217679
17026000,果糖及果糖浆，果糖＞...,62032,千克,0,—,279980
17029011,甘蔗糖或甜菜糖水溶液,74851400,千克,0,—,32358813
17029012,甘蔗糖、甜菜糖与其他...,18570948,千克,0,—,11187385
17029090,其他固体糖及未加香料...,3601461,千克,0,—,4945419
17041000,口香糖，不论是否裹糖,116365,千克,0,—,613323
17049000,不含可可的糖食（口香...,4177175,千克,0,—,25329318
18010000,整颗或破碎的可可豆，...,505036,千克,0,—,1132322
18020000,可可荚、壳、皮及废料,963931,千克,0,—,104468
18031000,未脱脂可可膏,1635605,千克,0,—,7514849
18032000,全脱脂或部分脱脂可可...,303000,千克,0,—,299874
18040000,可可脂、可可油,951129,千克,0,—,4108399
18050000,未加糖或其他甜物质的...,4250989,千克,0,—,13343455
18061000,含糖或其他甜物质的可...,10197,千克,0,—,64091
18062000,其他重量＞2kg的块...,2469568,千克,0,—,12418716
18063100,块状或条状含可可的夹...,1672460,千克,0,—,7958306
18063200,块状或条状含可可的非...,1529485,千克,0,—,12842204
18069000,未列名含可可的食品,3313328,千克,0,—,27833020
19011010,供婴幼儿食用的零售包...,22610061,千克,0,—,399008582
19011090,其他供婴幼儿食用的零...,1850421,千克,0,—,13851898
19012000,供焙烘1905所列面...,1237857,千克,0,—,2263846
19019000,麦精；未列名的食品，...,5484711,千克,0,—,53127187
19021100,含蛋生面食，未包馅或...,13342,千克,0,—,33758
19021900,其他生面食，未包馅或...,5679805,千克,0,—,6779879
19022000,包馅面食，不论是否烹...,139681,千克,0,—,1116401
19023010,米粉干,234157,千克,0,—,274925
19023020,粉丝,25961,千克,0,—,93078
19023030,即食或快熟面条,5767972,千克,0,—,18173472
19023090,未列名面食,1003335,千克,0,—,2307848
19024000,古斯古斯面食,11880,千克,0,—,17506
19030000,珍粉及淀粉制成的珍粉...,995648,千克,0,—,962368
19041000,谷物或谷物产品经膨化...,4855005,千克,0,—,16577933
19042000,未烘炒谷物片或其与烘...,5550867,千克,0,—,4633464
19043000,碾碎的干小麦,2500,千克,0,—,2275
19049000,其他预煮或经其他方法...,76660,千克,0,—,312716
19052000,姜饼及类似品,2112,千克,0,—,8941
19053100,甜饼干,4828411,千克,0,—,23330966
19053200,华夫饼干及圣餐饼,7227823,千克,0,—,28177923
19054000,面包干、吐司及类似的...,351047,千克,0,—,1469149
19059000,未列名面包、糕点、饼...,3895486,千克,0,—,20764881
20011000,用醋或醋酸制作或保藏...,525782,千克,0,—,844767
20019090,其他用醋制作蔬菜、果...,75373,千克,0,—,187255
20021010,番茄罐头,134769,千克,0,—,147705
20021090,其他非醋方法制作或保...,114,千克,0,—,1748
20029011,番茄酱罐头重量≤5k...,40847,千克,0,—,78476
20029019,番茄酱罐头重量＞5k...,800,千克,0,—,613
20029090,其他非醋方法制作或保...,141524,千克,0,—,166676
20031019,其他伞菌属蘑菇罐头,24821,千克,0,—,32377
20039010,其他蘑菇罐头,12418,千克,0,—,14287
20039090,其他制作或保藏的蘑菇...,396,千克,0,—,10685
20041000,非醋方法制作或保藏的...,2417985,千克,0,—,3049383
20049000,非醋方法制作或保藏的...,2244,千克,0,—,9600
20051000,均化蔬菜,22915,千克,0,—,166099
20052000,非醋方法制作或保藏的...,214370,千克,0,—,1819499
20054000,非醋方法制作或保藏的...,30256,千克,0,—,117779
20055111,赤豆馅罐头,106,千克,0,—,111
20055119,其他脱荚豇豆及菜豆罐...,1584,千克,0,—,3770
20055199,其他制作或保藏的未冷...,1660,千克,0,—,5542
20055910,未脱荚豇豆及菜豆罐头,20222,千克,0,—,27068
20057000,非醋方法制作或保藏的...,92312,千克,0,—,188876
20058000,非醋方法制作或保藏的...,298770,千克,0,—,335579
20059110,竹笋罐头,504,千克,0,—,2870
20059920,蚕豆罐头,202,千克,0,—,1932
20059991,其他非醋制作的未冷冻...,77768,千克,0,—,160478
20059999,未列名非醋制作的未冷...,95724,千克,0,—,633924
20060020,糖渍橄榄,56,千克,0,—,1176
20060090,其他糖渍蔬菜、水果、...,2027157,千克,0,—,7943161
20071000,均化食品,448333,千克,0,—,2249225
20079100,柑桔属水果制果酱、果...,42444,千克,0,—,241734
20079910,非柑桔属水果制果酱、...,194755,千克,0,—,994132
20079990,其他非柑桔属水果制果...,1235126,千克,0,—,2845994
20081110,花生米罐头,2860,千克,0,—,11440
20081120,烘焙花生,46517,千克,0,—,244433
20081130,花生酱,91545,千克,0,—,459474
20081190,未列名制作或保藏的花...,18109,千克,0,—,98022
20081910,核桃仁罐头,3,千克,0,—,133
20081920,其他果仁罐头,8,千克,0,—,228
20081991,其他制作或保藏的栗仁,576,千克,0,—,7327
20081992,其他制作或保藏的芝麻,4850,千克,0,—,46920
20081999,未列名制作或保藏的坚...,12855017,千克,0,—,98588484
20082010,菠萝罐头,1753797,千克,0,—,2073982
20082090,未列名制作或保藏的菠...,0,千克,0,—,8
20083010,柑桔属水果罐头,265738,千克,0,—,560540
20083090,未列名制作或保藏的柑...,3915886,千克,0,—,4491739
20085000,其他制作或保藏的杏,3,千克,0,—,67
20086010,樱桃罐头,78535,千克,0,—,107345
20086090,其他制作或保藏的樱桃,1,千克,0,—,14
20087010,桃罐头,483253,千克,0,—,794346
20087090,未列名制作或保藏的桃,10239,千克,0,—,100025
20088000,其他制作或保藏的草莓,30050,千克,0,—,230572
20089300,其他制作或保藏的蔓越...,871084,千克,0,—,2940814
20089700,其他制作或保藏的什锦...,370271,千克,0,—,596382
20089920,龙眼罐头,18000,千克,0,—,27000
20089931,调味紫菜,295226,千克,0,—,9115882
20089932,盐腌海带,6158,千克,0,—,3800
20089933,盐腌裙带菜,3332,千克,0,—,55768
20089934,烤紫菜,1446,千克,0,—,59300
20089939,未列名制作或保藏的海...,46,千克,0,—,1065
20089990,未列名制作或保藏水果...,4356771,千克,0,—,10053231
20091100,冷冻橙汁,8051516,千克,0,—,8874708
20091200,非冷冻橙汁，白利糖度...,1963798,千克,0,—,1659688
20091900,其他橙汁,3370,千克,0,—,5660
20092100,葡萄柚汁及柚汁，白利...,216317,千克,0,—,416184
20092900,葡萄柚汁及柚汁，白利...,388430,千克,0,—,973784
20093110,柠檬汁，白利糖度值不...,599737,千克,0,—,1743466
20093190,其他未混合柑桔属水果...,805980,千克,0,—,1163796
20093910,其他柠檬汁,222464,千克,0,—,562482
20093990,其他未混合柑桔属水果...,1620,千克,0,—,7790
20094100,菠萝汁，白利糖度值≤...,1261501,千克,0,—,1263734
20094900,其他菠萝汁,63983,千克,0,—,66989
20095000,番茄汁,18166,千克,0,—,22113
20096100,葡萄汁，白利糖度值≤...,380564,千克,0,—,420992
20096900,其他葡萄汁,2509852,千克,0,—,5653846
20097100,苹果汁，白利糖度值≤...,1022037,千克,0,—,866745
20098100,蔓越橘汁、越橘汁,20665,千克,0,—,109011
20098912,芒果汁,12614,千克,0,—,56798
20098913,西番莲果汁,1142588,千克,0,—,2415581
20098914,番石榴果汁,15289,千克,0,—,34169
20098915,梨汁,921,千克,0,—,4532
20098919,其他未混合的水果汁或...,11644237,千克,0,—,17133767
20098920,未混合的蔬菜汁,49660,千克,0,—,160070
20099010,混合水果汁,1428876,千克,0,—,3822919
20099090,混合蔬菜汁；混合坚果...,258826,千克,0,—,649607
21011100,咖啡的浓缩精汁,999207,千克,0,—,15887345
21011200,以咖啡浓缩精汁或以咖...,2793846,千克,0,—,14984132
21012000,以茶、马黛茶及其浓缩...,87594,千克,0,—,524275
21013000,烘焙菊苣和其他烘焙咖...,173604,千克,0,—,575339
21021000,活性酵母,37392,千克,0,—,365711
21022000,非活性酵母；已死的其...,8933,千克,0,—,143840
21023000,发酵粉,3738,千克,0,—,35264
21031000,酱油,818402,千克,0,—,1561316
21032000,番茄沙司及其他番茄调...,811384,千克,0,—,1458317
21033000,芥子粉及其调制品,256693,千克,0,—,456884
21039010,味精,64362,千克,0,—,233779
21039020,别特酒，按体积计酒精...,3348,千克,0,—,2213
21039090,未列名调味汁及其制品...,5964842,千克,0,—,14832342
21041000,汤料及其制品,257663,千克,0,—,833412
21042000,均化混合食品,136018,千克,0,—,842105
21050000,冰淇淋及其他冰制食品...,845321,千克,0,—,3499712
21061000,浓缩蛋白质及人造蛋白...,60423,千克,0,—,932344
21069010,制碳酸饮料的浓缩物,211529,千克,0,—,1264657
21069030,蜂王浆制剂,570,千克,0,—,12447
21069040,椰子汁,7897032,千克,0,—,11447108
21069050,海豹油胶囊,19018,千克,0,—,2426682
21069061,含香料或着色剂的甘蔗...,457777,千克,0,—,731911
21069062,甘蔗糖、甜菜糖与其他...,3651482,千克,0,—,3555272
21069090,未列名食品,21052788,千克,0,—,449966363
22011010,未加味、加糖或其他甜...,9840608,升,9904018,千克,6828966
22011020,未加味、加糖或其他甜...,6326781,升,6328879,千克,4273335
22019011,已包装未加味、加糖或...,1624,千升,1604909,千克,1204428
22019090,未列名未加味、加糖或...,33,千升,33799,千克,247086
22021000,加味、加糖或其他甜物...,10523825,升,10739767,千克,11881545
22029100,无醇啤酒,156069,升,158006,千克,188430
22029900,其他无酒精饮料,29968729,升,30447962,千克,67100540
22030000,麦芽酿造的啤酒,38344467,升,38582513,千克,51224185
22041000,葡萄汽酒,509511,升,513964,千克,5805521
22042100,装入≤2升的容器的鲜...,16292378,升,16230233,千克,95487411
22042200,装入2升以上但不超过...,241461,升,238529,千克,1031140
22042900,装入10升以上容器的...,7023346,升,6992340,千克,8522962
22043000,品目2009以外的酿...,1330,升,1330,千克,3624
22051000,装入≤2升的容器的味...,54977,升,54358,千克,201648
22059000,装入＞2升的容器的味...,20,升,20,千克,69
22060010,黄酒,96,升,99,千克,3561
22060090,其他发酵饮料（例如，...,1325517,升,1330360,千克,8407380
22071000,未改性乙醇，按容量计...,45313,升,37009,千克,154086
22072000,任何浓度的改性乙醇及...,55305,升,44587,千克,85626
22082000,蒸馏葡萄酒制得的烈性...,2922167,升,2680140,千克,113993230
22083000,威士忌酒,2669850,升,2481528,千克,57442652
22084000,朗姆酒及蒸馏已发酵甘...,135504,升,131444,千克,401808
22085000,杜松子酒,274375,升,257611,千克,1458570
22086000,伏特加酒,359842,升,330598,千克,1164189
22087000,利口酒及柯迪尔酒,2278467,升,2120277,千克,5816702
22089010,龙舌兰酒,141563,升,144020,千克,782051
22089020,白酒,163914,升,149923,千克,20699428
22089090,浓度＜80％的未改性...,966250,升,903002,千克,2719624
22090000,醋及用醋酸制得的醋代...,470888,升,479612,千克,684619
23011011,含牛、羊成分的肉骨粉,10666626,千克,0,—,7446922
23011019,其他动物的肉骨粉,13615115,千克,0,—,14602418
23012010,饲料用鱼粉,203138577,千克,0,—,348715099
23012090,其他非食用鱼、甲壳及...,2920504,千克,0,—,5094437
23023000,小麦的糠、麸及其他残...,60054081,千克,0,—,18879650
23024000,其他谷物的糠、麸及其...,5635181,千克,0,—,2334148
23031000,制造淀粉过程中的残渣...,2981000,千克,0,—,805799
23032000,甜菜渣、甘蔗渣及制糖...,46016710,千克,0,—,16405497
23033000,酿造及蒸馏过程中的糟...,277826,千克,0,—,91888
23040090,提炼豆油所得的其他固...,2528660,千克,0,—,1974435
23050000,提炼花生油所得的油渣...,21458688,千克,0,—,11480654
23061000,棉子的油渣饼及其他固...,1088046,千克,0,—,559353
23063000,葵花子的油渣饺及其他...,127822928,千克,0,—,63857241
23064100,低芥子酸油菜子的油渣...,221541781,千克,0,—,111207696
23065000,椰子或干椰肉的油渣饼...,29230759,千克,0,—,8778616
23066000,油棕果或油棕仁的油渣...,74867838,千克,0,—,14253270
23069000,未列名提炼植物或微生...,1043800,千克,0,—,345241
23080000,动物饲料用未列名的植...,5359369,千克,0,—,5586946
23091010,零售包装狗食或猫食饲...,2773959,千克,0,—,18690022
23091090,其他零售包装的狗食或...,10410195,千克,0,—,76136072
23099010,制成的饲料添加剂,3515284,千克,0,—,12504763
23099090,未列名配制的动物饲料,10510730,千克,0,—,17575081
24011090,其他未去梗的烟草,973391,千克,0,—,8565539
24012010,部分或全部去梗的烤烟,10831025,千克,0,—,98361961
24012090,其他部分或全部去梗的...,352560,千克,0,—,2162859
24021000,烟草制的雪茄烟,527,千克,81,千支,527177
24022000,烟草制的卷烟,1347774,千克,1469604,千支,42026883
24031900,其他供吸用的烟草，不...,497468,千克,0,—,3660131
24039900,其他烟草或烟草代用品...,11250,千克,0,—,49392
24041200,其他含尼古丁的非经燃...,140588,千克,0,—,5111494
24041990,其他含尼古丁代用品的...,18676,千克,0,—,311792
25010011,食用盐,636043,千克,0,—,432762
25010019,其他盐,740307907,千克,0,—,36946054
25010020,纯氯化钠,2352806,千克,0,—,5099249
25010030,海水,3262,千克,0,—,17076
25020000,未焙烧的黄铁矿,10725027,千克,0,—,3671011
25030000,各种硫磺，但升华、沉...,544149606,千克,0,—,70113129
25041010,磷片天然石墨,15498811,千克,0,—,10035816
25041091,球化石墨,400,千克,0,—,2031
25041099,其他粉末或粉片天然石...,89365,千克,0,—,334334
25049000,天然石墨（粉末或粉片...,963651,千克,0,—,490907
25051000,硅砂及石英砂,328331424,千克,0,—,18672382
25059000,其他天然砂,34538278,千克,0,—,1027255
25061000,石英,25006952,千克,0,—,23505685
25062000,石英岩,9524374,千克,0,—,3892807
25070010,高岭土,55121546,千克,0,—,12170247
25070090,高岭土的类似土（高岭...,1069705,千克,0,—,198014
25081000,膨润土,9145747,千克,0,—,2839136
25083000,耐火黏土,204655,千克,0,—,40404
25084000,其他黏土,2109014,千克,0,—,727071
25085000,红柱石、蓝晶石及硅线...,3298326,千克,0,—,1663246
25086000,富铝红柱石,400969,千克,0,—,293579
25090000,白垩,991666,千克,0,—,133086
25101010,未碾磨磷灰石,0,千克,0,—,448
25102010,已碾磨磷灰石,154,千克,0,—,16078
25111000,天然硫酸钡（重晶石）,90147,千克,0,—,71560
25120010,硅藻土,934392,千克,0,—,943577
25120090,其他硅质化石粗粉及类...,184876,千克,0,—,162747
25131000,浮石,11558251,千克,0,—,1163962
25132000,刚玉岩；天然刚玉砂；...,76500,千克,0,—,387230
25140000,板岩，不论是否粗加修...,173025,千克,0,—,68998
25151100,原状或粗加修整的大理...,22083359,千克,0,—,6167113
25151200,用锯或其他方法切割成...,331507368,千克,0,—,94065607
25152000,其他石灰质碑用或建筑...,14889971,千克,0,—,4099865
25161100,原状或粗加修整的花岗...,379649094,千克,0,—,56228285
25161200,仅用锯或其他方法切割...,54767372,千克,0,—,13139989
25162000,砂岩,17641517,千克,0,—,2987256
25169000,其他碑用或建筑用石,4286169,千克,0,—,690408
25171000,通常作混凝土粒料、铺...,477126,千克,0,—,114024
25174100,大理石的碎粒、碎屑及...,1370652,千克,0,—,147006
25174900,品目2515及251...,172113,千克,0,—,33813
25181000,未煅烧或烧结白云石,22865514,千克,0,—,6990330
25182000,已煅烧或烧结白云石,1511200,千克,0,—,280576
25191000,天然碳酸镁（菱镁矿）,382600,千克,0,—,142473
25199010,熔凝镁氧矿,850,千克,0,—,12393
25199020,烧结镁氧矿（重烧镁）,174750,千克,0,—,183592
25199030,碱烧镁（轻烧镁）,79500,千克,0,—,104572
25199091,化学纯氧化镁,1251237,千克,0,—,2682620
25199099,其他氧化镁,518944,千克,0,—,638080
25201000,生石膏；硬石膏,47308154,千克,0,—,2489313
25202010,牙科用熟石膏,210386,千克,0,—,324418
25202090,其他熟石膏,17002801,千克,0,—,1714608
25210000,石灰石助熔剂；通常用...,637001,千克,0,—,82850
25221000,生石灰,41593,千克,0,—,111513
25222000,熟石灰,976356,千克,0,—,270648
25223000,水硬石灰,2115,千克,0,—,4783
25231000,水泥熟料,170012096,千克,0,—,8477088
25232100,白水泥，不论是否人工...,133904,千克,0,—,43538
25232900,其他硅酸盐水泥,85131151,千克,0,—,4176539
25233000,矾土水泥,405010,千克,0,—,314751
25239000,其他水凝水泥,75600,千克,0,—,28695
25249090,其他石棉,16976520,千克,0,—,5500392
25251000,原状云母及劈开的云母...,7229979,千克,0,—,3819150
25252000,云母粉,173688,千克,0,—,500728
25261020,未破碎及未研粉的滑石,3630938,千克,0,—,848963
25262020,已破碎或已研粉的滑石,3754131,千克,0,—,2040169
25280010,天然硼砂及其精矿(不...,2500,千克,0,—,4551
25280090,其他天然硼酸盐及其精...,32430286,千克,0,—,12597547
25291000,长石,2690315,千克,0,—,996905
25292100,按重量计氟化钙含量≤...,32156505,千克,0,—,6001565
25292200,按重量计氟化钙含量＞...,1602554,千克,0,—,490802
25293000,白榴石；霞石及霞石正...,273900,千克,0,—,153063
25301010,未膨胀的绿泥石,220,千克,0,—,1403
25301020,未膨胀的蛭石、珍珠岩...,7467120,千克,0,—,919376
25302000,硫镁矾矿及泻盐矿（天...,12250000,千克,0,—,2762500
25309010,矿物性药材,36000,千克,0,—,4954
25309020,稀土金属矿,8209500,千克,0,—,59793049
25309091,硅灰石,196719,千克,0,—,233259
25309099,未列名矿产品,331853597,千克,0,—,822953987
26011110,平均粒度＜0.8mm...,12072492861,千克,0,—,1313356661
26011120,平均粒度≥0.8mm...,69724022786,千克,0,—,6725174407
26011190,平均粒度≥6.3mm...,16711849702,千克,0,—,1794212414
26011200,已烧结的铁矿砂及其精...,1035794484,千克,0,—,124619044
26020000,锰矿砂及其精矿,3125336813,千克,0,—,649823276
26030000,铜矿砂及其精矿,2260702646,千克,0,—,4521722370
26040000,镍矿砂及其精矿,4667767830,千克,0,—,411668054
26050000,钴矿砂及其精矿,5418038,千克,0,—,19126255
26060000,铝矿砂及其精矿,8144820388,千克,0,—,499920844
26070000,铅矿砂及其精矿,85981892,千克,0,—,108280071
26080000,锌矿砂及其精矿,389379420,千克,0,—,395144121
26090000,锡矿砂及其精矿,16054937,千克,0,—,86506284
26100000,铬矿砂及其精矿,1497131906,千克,0,—,367828149
26110000,钨矿砂及其精矿,388354,千克,0,—,3532730
26121000,铀矿砂及其精矿,6,千克,0,—,283
26122000,钍矿砂及其精矿,9665904,千克,0,—,25138550
26131000,已焙烧的钼矿砂及其精...,342000,千克,0,—,7643987
26139000,其他钼矿砂及其精矿,2535596,千克,0,—,34088094
26140000,钛矿砂及其精矿,349491420,千克,0,—,146541769
26151000,锆矿砂及其精矿,105095682,千克,0,—,122044882
26159090,其他铌、钽、钒矿砂及...,638453,千克,0,—,21858022
26161000,银矿砂及其精矿,136078123,千克,0,—,263723198
26169000,其他贵金属矿砂及其精...,186152703,千克,0,—,419289561
26171090,其他锑矿砂及其精矿,2473949,千克,0,—,9271762
26179090,未列名矿砂及其精矿,680860,千克,0,—,927110
26219000,其他矿渣及矿灰，包括...,30000,千克,0,—,49293
27011100,无烟煤,834970800,千克,0,—,161107117
27011210,炼焦煤,6846561128,千克,0,—,1272803958
27011290,其他烟煤,4959542618,千克,0,—,680663580
27011900,其他煤,4578003920,千克,0,—,528034894
27021000,褐煤，不论是否粉化，...,15762363657,千克,0,—,1333311182
27022000,制成型的褐煤,4,千克,0,—,31
27030000,泥煤（包括肥料用泥煤...,41953330,千克,0,—,11003378
27040010,焦炭及半焦炭,9972895,千克,0,—,1887534
27040090,甑炭,10,千克,0,—,214
27060000,从煤、褐煤或泥煤蒸馏...,5892631,千克,0,—,3549095
27071000,粗苯,4339743,千克,0,—,3627003
27073000,粗二甲苯,113090048,千克,0,—,115680886
27074000,萘,2735924,千克,0,—,1428818
27075000,其他芳烃混合物，根据...,27476178,千克,35854205,升,21776637
27079910,酚,80420,千克,0,—,124492
27079990,其他蒸馏高温煤焦油所...,13609093,千克,18848602,升,17770899
27081000,沥青,591586,千克,0,—,367798
27082000,沥青焦,3445440,千克,0,—,4341517
27090000,石油原油及从沥青矿物...,40233599136,千克,0,—,28980777984
27101220,石脑油，不含有生物柴...,1020433282,千克,1413300097,升,714809413
27101230,橡胶溶剂油、油漆溶剂...,2803584,千克,3594197,升,4912632
27101291,壬烯，不含有生物柴油,5856338,千克,0,—,12822502
27101299,未列名轻油及其制品，...,3461798,千克,4794588,升,5243412
27101911,航空煤油，不含有生物...,409945,千克,510791,升,434915
27101919,其他煤油馏分，不含有...,1332480,千克,1588284,升,2871229
27101922,5~7号燃料油，不含...,1017000986,千克,1032256002,升,509505921
27101923,"柴油,不含生物柴油",9004228,千克,10588972,升,9540440
27101929,其他燃料油，不含生物...,19976530,千克,23492399,升,20385004
27101991,润滑油，不含有生物柴...,25120500,千克,28285598,升,68605563
27101992,润滑脂，不含有生物柴...,1696740,千克,1910482,升,9991241
27101993,润滑油基础油，不含有...,149933188,千克,168824780,升,187832960
27101994,液体石蜡和重质液体石...,7684188,千克,0,—,10261940
27101999,其他重油；以石油及从...,3363694,千克,3414188,升,8581068
27102000,石油及从沥青矿物提取...,65526,千克,77054,升,163684
27111100,液化天然气,5852798383,千克,0,—,5425967926
27111200,液化丙烷,2044769333,千克,0,—,1426397174
27111310,打火机用液化丁烷，容...,0,千克,0,—,153
27111390,其他液化丁烷,753407119,千克,0,—,507701892
27111400,液化乙烯、丙烯、丁烯...,41820491,千克,0,—,32972570
27111990,未列名液化石油气及其...,1308,千克,0,—,6954
27112100,天然气,4251276321,千克,0,—,1834885340
27112900,气态石油气及其他烃类...,211,千克,0,—,46276
27121000,凡士林,81593,千克,0,—,299971
27122000,石蜡，按重量计含油量...,258176,千克,0,—,1151003
27129010,微晶石蜡,816797,千克,0,—,2276755
27129090,其他石蜡、矿物蜡及合...,1530731,千克,0,—,2598856
27131110,未煅烧石油焦，含硫量...,249101620,千克,0,—,149440724
27131190,其他未煅烧石油焦,1054820144,千克,0,—,255292847
27131210,已煅烧石油焦，含硫量...,7222202,千克,0,—,14414601
27131290,其他已煅烧石油焦,148391,千克,0,—,64495
27132000,石油沥青,294114551,千克,0,—,168701490
27149010,天然沥青（地沥青）,56691297,千克,0,—,3533215
27149020,乳化沥青,4678,千克,0,—,26087
27149090,沥青岩,897330,千克,0,—,160076
27150000,以天然沥青等为基本成...,1479397650,千克,1501596321,升,590328825
27160000,电力,760305669,千瓦时,0,—,28355271
28011000,氯,9360,千克,0,—,203081
28012000,碘,355623,千克,0,—,20112648
28013020,溴,5521450,千克,0,—,39326134
28020000,升华硫磺、沉淀硫磺；...,31013,千克,0,—,30039
28030000,碳（碳黑及其他编码未...,6252982,千克,0,—,27486943
28042100,氩,225,千克,127,立方米,35125
28042900,其他稀有气体,331676,千克,1838695,立方米,51904872
28043000,氮,3668,千克,3136,立方米,175753
28044000,氧,387,千克,284,立方米,28943
28045000,硼；碲,22024,千克,0,—,1759037
28046117,直径≥30cm经掺杂...,4430,千克,0,—,617359
28046119,7.5cm≤直径＜3...,120251,千克,0,—,11150511
28046190,其他含硅量≥99.9...,7333279,千克,0,—,216955539
28046900,其他硅,483076,千克,0,—,1338380
28047090,其他磷,770,千克,0,—,392370
28048000,砷,2550,千克,0,—,573006
28049090,其他硒,58753,千克,0,—,846467
28051100,钠,1,千克,0,—,213
28051200,钙,0,千克,0,—,37484
28051910,锂,950,千克,0,—,37349
28051990,其他碱金属及碱土金属,2,千克,0,—,10852
28053011,钕，未相混合或相互熔...,0,千克,0,—,59
28053014,镧，未相互混合或相互...,0,千克,0,—,265
28053015,铈，未相互混合或相互...,0,千克,0,—,1300
28053016,镨，未相互混合或相互...,0,千克,0,—,698
28053017,钇，未相互混合或相互...,0,千克,0,—,915
28053018,钪，未相互混合或相互...,0,千克,0,—,480
28053019,其他稀土金属，未相混...,59,千克,0,—,54969
28061000,氯化氢（盐酸）,804835,千克,0,—,2029694
28070000,硫酸；发烟硫酸,18910011,千克,0,—,2301637
28080000,硝酸；磺硝酸,14865193,千克,0,—,4709549
28091000,五氧化二磷,0,千克,0,—,43
28092019,其他磷酸及偏磷酸、焦...,1394554,千克,0,—,5331373
28092090,其他多磷酸,28,千克,0,—,1420
28100010,硼的氧化物,360307,千克,0,—,866156
28100020,硼酸,28443437,千克,0,—,28442715
28111110,电子级氢氟酸,1629696,千克,0,—,4611506
28111190,其他氟化氢（氢氟酸）,1916,千克,0,—,53992
28111990,未列名无机酸,6730971,千克,0,—,21599743
28112100,二氧化碳,473348,千克,0,—,1157612
28112210,硅胶,270540,千克,0,—,1586940
28112290,其他二氧化硅,6291819,千克,0,—,17132957
28112900,未列名非金属无机氧化...,226208,千克,0,—,3145885
28121700,亚硫酰氯,174136,千克,0,—,349228
28121910,其他非金属氯化物,23910,千克,0,—,4852579
28129011,三氟化氮,16975,千克,0,—,392482
28129019,其他氟化物及氟氧化物,18472,千克,0,—,2198342
28129090,未列名非金属卤化物及...,324,千克,0,—,16757
28139000,未列名非金属硫化物；...,376,千克,0,—,63789
28141000,氨,19427698,千克,0,—,19549379
28142000,氨水,328611,千克,0,—,479003
28151100,固体氢氧化钠,450946,千克,0,—,642832
28151200,氢氧化钠水溶液,88316,千克,0,—,433666
28152000,氢氧化钾（苛性钾）,49783,千克,0,—,457466
28153000,过氧化钠及过氧化钾,0,千克,0,—,582
28161000,氢氧化镁及过氧化镁,1503642,千克,0,—,1594150
28164000,锶或钡的氧化物、氢氧...,3203,千克,0,—,31512
28170010,氧化锌,392441,千克,0,—,1810998
28181010,棕刚玉,6281,千克,0,—,18071
28181090,其他人造刚玉，不论是...,218273,千克,0,—,1426802
28182000,氧化铝，但人造刚玉除...,248811990,千克,0,—,111214597
28183000,氢氧化铝,2687708,千克,0,—,5245489
28191000,三氧化铬,260301,千克,0,—,954761
28199000,未列名铬的氧化物及氢...,7208,千克,0,—,116449
28201000,二氧化锰,14845,千克,0,—,238922
28209000,未列名锰的氧化物,2777,千克,0,—,31970
28211000,铁的氧化物及氢氧化物,12454813,千克,0,—,7940622
28212000,土色料，按重量计三氧...,25151,千克,0,—,54008
28220010,四氧化三钴,0,千克,0,—,331
28220090,未列名钴的氧化物及氢...,10003,千克,0,—,397908
28230000,钛的氧化物,357167,千克,0,—,2087434
28249010,铅丹及铅橙,19,千克,0,—,662
28249090,未列名铅的氧化物,0,千克,0,—,3920
28251010,水合肼,1649,千克,0,—,12657
28251020,硫酸羟胺,0,千克,0,—,6
28251090,未列名肼（联氨）、胲...,52756,千克,0,—,1159691
28252010,氢氧化锂,233351,千克,0,—,9206683
28252090,未列名锂的氧化物及氢...,0,千克,0,—,439
28253010,五氧化二钒,100000,千克,0,—,1425169
28254000,镍的氧化物有氢氧化物,219230,千克,0,—,5408257
28255000,铜的氧化物及氢氧化物,849507,千克,0,—,7537515
28256000,锗的氧化物及二氧化锆,27012,千克,0,—,1716321
28257000,钼的氧化物及氢氧化物,280126,千克,0,—,4346354
28258000,锑的氧化物,4339,千克,0,—,109645
28259012,三氧化钨,2423,千克,0,—,123452
28259019,未列名钨的氧化物及氢...,0,千克,0,—,296
28259021,三氧化二铋,2055,千克,0,—,15346
28259031,二氧化锡,21578,千克,0,—,895294
28259049,其他铌的氧化物及氢氧...,99512,千克,0,—,2776676
28259090,未列名无机碱、金属氧...,711389,千克,0,—,2814541
28261910,铵的氟化物,622438,千克,0,—,1503596
28261920,钠的氟化物,5001,千克,0,—,33273
28261930,六氟化钨,50776,千克,0,—,2887064
28261990,未列名氟化物,13902,千克,0,—,2467488
28263000,六氟铝酸钠（人造冰晶...,75000,千克,0,—,43890
28269010,氟硅酸盐,27443,千克,0,—,104227
28269020,六氟磷酸锂,118000,千克,0,—,4044480
28269090,未列名氟铝酸盐及其他...,210262,千克,0,—,11149874
28271090,非肥料用氯化铵,10492,千克,0,—,82785
28272000,氯化钙,16340,千克,0,—,121131
28273100,氯化镁,25543,千克,0,—,128914
28273200,氯化铝,113286,千克,0,—,153442
28273500,氯化镍,14989,千克,0,—,105379
28273910,氯化锂,31576,千克,0,—,591642
28273920,氯化钡,22,千克,0,—,2086
28273930,氯化钴,10,千克,0,—,7577
28273990,未列名氯化物,144351,千克,0,—,2158279
28274910,锆的氯氧化物及氢氧基...,0,千克,0,—,362
28274990,其他氯氧化物及氢氧基...,98094,千克,0,—,479548
28275100,溴化钠及溴化钾,6661355,千克,0,—,17923375
28275900,其他溴化物及溴氧化物,114119,千克,0,—,515554
28276000,碘化物及碘氧化物,191722,千克,0,—,9540490
28281000,商品次氯酸钙及其他钙...,28740,千克,0,—,82560
28289000,亚氯酸盐；次溴酸盐及...,27644,千克,0,—,2427908
28291100,氯酸钠,0,千克,0,—,19
28299000,其他高（氯，碘）酸盐...,2999,千克,0,—,361805
28301010,硫化钠,0,千克,0,—,2550
28301090,钠的其他硫化物,213940,千克,0,—,30184
28309020,硫化锑,5100,千克,0,—,52820
28309090,未列名硫化物；多硫化...,133392,千克,0,—,1296117
28311010,钠的连二亚硫酸盐,8,千克,0,—,3618
28311020,钠的次硫酸盐,54925,千克,0,—,209086
28319000,其他连二亚硫酸盐及次...,67750,千克,0,—,309554
28321000,钠的亚硫酸盐,68346,千克,0,—,122979
28322000,其他亚硫酸盐,2263,千克,0,—,10586
28323000,硫代硫酸盐,2413,千克,0,—,32789
28331100,硫酸二钠,154790,千克,0,—,69937
28331900,钠的其他硫酸盐,7510,千克,0,—,7030
28332100,硫酸镁,58688,千克,0,—,193759
28332200,硫酸铝,41826,千克,0,—,27380
28332400,镍的硫酸盐,6073017,千克,0,—,28672183
28332500,铜的硫酸盐,96932,千克,0,—,284692
28332700,硫酸钡,299215,千克,0,—,547760
28332910,硫酸亚铁,4,千克,0,—,833
28332920,铬的硫酸盐,66380,千克,0,—,91705
28332930,硫酸锌,396468,千克,0,—,446901
28332990,未列名硫酸盐,1452988,千克,0,—,18103285
28333010,钾铝矾,6630,千克,0,—,15657
28333090,其他矾,4,千克,0,—,514
28334000,过硫酸盐,1791,千克,0,—,71107
28341000,亚硝酸盐,24407,千克,0,—,20790
28342190,非肥料用硝酸钾,1587,千克,0,—,14302
28342910,硝酸钴,0,千克,0,—,351
28342990,未列名硝酸盐,108779,千克,0,—,950962
28351000,次磷酸盐及亚磷酸盐,1896,千克,0,—,25386
28352200,磷酸一钠及磷酸二钠,6032,千克,0,—,168746
28352400,钾的磷酸盐,577226,千克,0,—,1368232
28352520,食品级的正磷酸氢钙（...,6000,千克,0,—,62069
28352590,其他正磷酸氢钙（磷酸...,212090,千克,0,—,804172
28352600,其他磷酸钙,240888,千克,0,—,1130339
28352910,磷酸三钠,143,千克,0,—,2095
28352990,其他磷酸盐,231651,千克,0,—,6725999
28353110,食品级的三磷酸钠（三...,212800,千克,0,—,671107
28353190,其他三磷酸钠（三聚磷...,27046,千克,0,—,81426
28353911,食品级的六偏磷酸钠,106143,千克,0,—,283358
28353919,其他六偏磷酸钠,1680,千克,0,—,17313
28353990,其他多磷酸盐,165277,千克,0,—,1045113
28362000,碳酸钠（纯碱）,4701897,千克,0,—,1405248
28363000,碳酸氢钠（小苏打）,10413875,千克,0,—,4217044
28364000,钾的碳酸盐,244270,千克,0,—,436838
28365000,碳酸钙,5945072,千克,0,—,1219367
28366000,碳酸钡,136302,千克,0,—,1184126
28369100,锂的碳酸盐,12526513,千克,0,—,767543442
28369200,锶的碳酸盐,2109600,千克,0,—,2654018
28369910,碳酸镁,9597,千克,0,—,164698
28369930,碳酸钴,1325,千克,0,—,31811
28369940,商品碳酸铵及其他铵的...,28,千克,0,—,6571
28369990,未列名碳酸盐；过碳酸...,458447,千克,0,—,821472
28371910,氰化钾,48000,千克,0,—,197799
28371990,未列名氰化物及氧氰化...,66005,千克,0,—,616005
28372000,氰络合物,103044,千克,0,—,869547
28391100,偏硅酸钠,3684,千克,0,—,26479
28391910,硅酸钠,138645,千克,0,—,106423
28391990,其他钠盐,21825,千克,0,—,59459
28399000,其他硅酸盐、商品碱金...,660983,千克,0,—,1449936
28401100,无水四硼酸钠,2460204,千克,0,—,2612917
28401900,其他四硼酸钠,58944436,千克,0,—,39528770
28402000,其他硼酸盐,215574,千克,0,—,654188
28403000,过硼酸盐,0,千克,0,—,6
28413000,重铬酸钠,60000,千克,0,—,145466
28415000,其他铬酸盐及重铬酸盐...,18027,千克,0,—,82785
28416100,高锰酸钾,4,千克,0,—,254
28416910,锰酸锂,33680,千克,0,—,563764
28416990,其他亚锰酸盐、锰酸盐...,1064,千克,0,—,9083
28417010,钼酸铵,18033,千克,0,—,477435
28417090,其他钼酸盐,77747,千克,0,—,564710
28418020,钨酸钠,204132,千克,0,—,4495530
28418040,偏钨酸铵,2,千克,0,—,555
28418090,其他钨酸盐,1043,千克,0,—,92135
28419000,其他金属酸盐及过金属...,600535,千克,0,—,16278431
28421000,硅酸复盐及硅酸络盐,211194,千克,0,—,1507752
28429011,硫氰酸钠,2,千克,0,—,413
28429019,其他雷酸盐、氰酸盐及...,2030,千克,0,—,16918
28429030,锂镍钴锰氧化物,7555400,千克,0,—,335648887
28429040,磷酸铁锂,90475,千克,0,—,686905
28429050,硒酸盐及亚硒酸盐,6,千克,0,—,14498
28429060,锂镍钴铝氧化物,1486445,千克,0,—,87497858
28429090,未列名无机酸盐及过氧...,1031540,千克,0,—,5151000
28431000,胶态贵金属,312437,克,0,—,295323
28432100,硝酸银,269097,克,0,—,29056
28432900,其他银化合物,1095395,克,0,—,812538
28433000,金化合物,220158,克,0,—,1210678
28439000,其他贵金属的无机及有...,2479940,克,0,—,47666523
28441000,天然铀及其化合物、合...,785403930,克,16876615,百万贝可,74248635
28442000,铀235浓缩铀、钚及...,177346237,克,10170900,百万贝可,119896738
28444100,氚及其化合物、合金、...,405,克,7677958,百万贝可,194797
28444210,镭-223及镭-22...,504,克,556,百万贝可,383329
28444290,锕-225等及其化合...,1040,克,492,百万贝可,29561
28444310,除镭-223及镭-2...,20,克,0,百万贝可,4700
28444320,钴及钴盐,6555,克,244803133,百万贝可,192459
28444390,未列名放射性元素、同...,317386,克,775219709,百万贝可,8841480
28451000,重水（氧化氘）,9900475,克,0,—,4313527
28454000,氦-3,1,克,0,百万贝可,18284
28459000,品目2844以外的其...,1584551,克,0,—,17698926
28461010,氧化铈,8002,千克,0,—,227345
28461020,氢氧化铈,827500,千克,0,—,174023
28461030,碳酸铈,5,千克,0,—,425
28461090,其他铈的化合物,1,千克,0,—,32880
28469011,氧化钇,9903,千克,0,—,1440164
28469012,氧化镧,1396,千克,0,—,26347
28469013,氧化钕,20000,千克,0,—,1952426
28469016,氧化铽,0,千克,0,—,618
28469017,氧化镨,0,千克,0,—,481
28469018,氧化镥,0,千克,0,—,298
28469019,未列名氧化稀土,1161452,千克,0,—,49131189
28469021,氯化铽,0,千克,0,—,80
28469022,氯化镝,0,千克,0,—,145
28469023,氯化镧,1,千克,0,—,1694
28469024,氯化钕,0,千克,0,—,536
28469025,氯化镨,0,千克,0,—,248
28469026,氯化钇,0,千克,0,—,1025
28469028,混合氯化稀土,242415,千克,0,—,4484690
28469029,其他氯化稀土,0,千克,0,—,12484
28469032,氟化镝,767,千克,0,—,137988
28469036,氟化钇,200,千克,0,—,84465
28469041,碳酸镧,452,千克,0,—,27601
28469048,混合碳酸稀土,21000,千克,0,—,547260
28469091,镧的其他化合物,4,千克,0,—,14166
28469092,钕的其他化合物,0,千克,0,—,150
28469094,镝的其他化合物,0,千克,0,—,915
28469095,镨的其他化合物,0,千克,0,—,150
28469096,钇的其他化合物,270,千克,0,—,526557
28469099,未列名稀土金属及其混...,2870078,千克,0,—,31812401
28470000,过氧化氢，不论是否用...,2858919,千克,0,—,2001477
28491000,碳化钙,4,千克,0,—,249
28492000,碳化硅,525601,千克,0,—,980169
28499010,碳化硼,50,千克,0,—,2827
28499020,碳化钨,7680,千克,0,—,488311
28499090,未列名碳化物,1945,千克,0,—,112322
28500012,氮化硼,12001,千克,0,—,1218883
28500019,其他氮化物,28717,千克,0,—,1454695
28500090,氢化物、叠氮化物、硅...,358808,千克,0,—,6466406
28521000,已有化学定义的汞的无...,0,千克,0,—,1832
28539010,饮用蒸馏水,7025,千克,0,—,2301
28539030,镍钴锰氢氧化物,647627,千克,0,—,12387223
28539040,磷化物，不论是否已有...,563,千克,0,—,173715
28539090,其他无机化合物；液态...,256012,千克,0,—,4240148
29011000,饱和无环烃,361784746,千克,0,—,256580344
29012100,乙烯,136820801,千克,0,—,125669232
29012200,丙烯,310157573,千克,0,—,287552646
29012310,1-丁烯,3563162,千克,0,—,4672170
29012330,2-甲基丙烯,0,千克,0,—,24
29012410,"1,3-丁二烯",7148317,千克,0,—,7052450
29012420,异戊二烯,11,千克,0,—,1133
29012910,异戊烯,119140,千克,0,—,226001
29012920,乙炔,3658,千克,0,—,348153
29012990,未列名不饱和无环烃,7860310,千克,0,—,13299444
29021100,环己烷,672,千克,0,—,19353
29021910,蒎烯,63087,千克,0,—,295154
29021920,4-烷基-4'-烷基...,280,千克,0,—,236616
29021990,其他环烷烃；其他环烯...,1013930,千克,0,—,4413298
29022000,苯,302962469,千克,0,—,289241213
29023000,甲苯,6035974,千克,0,—,6819269
29024100,邻二甲苯,2059582,千克,0,—,2200301
29024200,间二甲苯,2902844,千克,0,—,3797125
29024300,对二甲苯,927503191,千克,0,—,1005189124
29024400,混合二甲苯异构体,207,千克,0,—,758
29025000,苯乙烯,116986870,千克,0,—,133748127
29026000,乙苯,1,千克,0,—,52
29027000,异丙基苯,64849954,千克,0,—,71410200
29029010,四氢萘,16000,千克,0,—,67158
29029020,精萘,0,千克,0,—,40220
29029030,十二烷基苯,180000,千克,0,—,346637
29029090,未列名环烃,2878768,千克,0,—,6355634
29031100,一氯甲烷及氯乙烷,1952,千克,0,—,18675
29031200,二氯甲烷,1428,千克,0,—,15179
29031500,1，2-二氯乙烷（I...,13133096,千克,0,—,5259877
29031990,未列名无环烃的饱和氯...,347554,千克,0,—,287066
29032100,氯乙烯,119301166,千克,0,—,93085288
29032300,四氯乙烯（全氯乙烯）,2664244,千克,0,—,3567779
29032990,其他无环烃的不饱和氯...,17734,千克,0,—,386327
29034100,三氟甲烷（HFC-2...,11260,千克,0,—,290436
29034200,二氟甲烷（HFC-3...,6172,千克,0,—,745690
29034300,"一氟甲烷、1,2-二...",3417,千克,0,—,2399401
29034400,"五氟乙烷、1,1,1...",18600,千克,0,—,61412
29034500,"1,1,1,2-四氟...",745,千克,0,—,3647
29034600,"1,1,1,2,3,...",13500,千克,0,—,5943150
29034800,"1,1,1,3,3-...",39700,千克,0,—,300422
29034900,其他无环烃的饱和氟化...,22688,千克,0,—,534679
29035100,"2,3,3,3-四氟...",53603,千克,0,—,1614865
29035990,其他无环烃的不饱和氟...,26986,千克,0,—,7053820
29036900,其他无环烃的溴化或碘...,438731,千克,0,—,3250162
29037400,一氯二氟乙烷（HCF...,681320,千克,0,—,4226521
29037790,仅含氟和氯的其他无环...,0,千克,0,—,8
29037800,其他含有两种或两种以...,561,千克,0,—,601967
29037990,其他含有两种或两种以...,94,千克,0,—,7161
29038900,其他环烷烃、环烯烃或...,234134,千克,0,—,1775910
29039110,邻二氯苯,40067,千克,0,—,58129
29039190,氯苯、对二氯苯,130,千克,0,—,18725
29039990,其他芳烃卤化衍生物,1939509,千克,0,—,11274153
29041000,仅含磺基的衍生物及其...,868025,千克,0,—,2462976
29042010,硝基苯,3,千克,0,—,46
29042020,硝基甲苯,504001,千克,0,—,970844
29042030,二硝基甲苯,0,千克,0,—,321
29042090,其他仅含硝基或亚硝基...,13573,千克,0,—,124963
29049900,其他烃的磺化、硝化或...,489211,千克,0,—,1060714
29051100,甲醇,984238172,千克,0,—,298056545
29051210,丙醇,1944990,千克,0,—,1888563
29051220,异丙醇,3338864,千克,0,—,5810795
29051300,正丁醇,19143790,千克,0,—,17778590
29051410,异丁醇,3679726,千克,0,—,2459455
29051420,仲丁醇,5,千克,0,—,220
29051430,叔丁醇,4806911,千克,0,—,4095070
29051610,正辛醇,137427,千克,0,—,525640
29051690,其他辛醇及其异构体,10988532,千克,0,—,11869531
29051700,十二醇、十六醇及十八...,3973549,千克,0,—,10731787
29051990,未列名饱和一元醇,22427778,千克,0,—,29959410
29052210,香叶醇、橙花醇（3，...,36836,千克,0,—,399109
29052220,香茅醇（3，7-二甲...,20792,千克,0,—,232746
29052230,芳樟醇,34780,千克,0,—,326219
29052290,其他无环萜烯醇,108801,千克,0,—,1199367
29052900,其他不饱和一元醇,34209020,千克,0,—,36960614
29053100,1，2-乙二醇,618357703,千克,0,—,318293224
29053200,丙二醇,6467192,千克,0,—,11775786
29053910,2，5-二甲基已二醇,0,千克,0,—,11
29053990,未列名二元醇,15275883,千克,0,—,23407275
29054100,2-乙基-2（羟甲基...,93527,千克,0,—,290331
29054200,季戊四醇,607893,千克,0,—,1221023
29054300,甘露糖醇,66214,千克,0,—,688155
29054400,山梨醇,115961,千克,0,—,404184
29054500,丙三醇（甘油）,54868376,千克,0,—,50944306
29054910,木糖醇,591,千克,0,—,29588
29054990,其他多元醇,192556,千克,0,—,605137
29055900,其他无环醇卤化、磺化...,49834,千克,0,—,530247
29061100,薄荷醇,1411599,千克,0,—,20123969
29061200,环己醇、甲基环己醇及...,648,千克,0,—,27552
29061310,固醇,335155,千克,0,—,3092663
29061320,肌醇,8096,千克,0,—,218184
29061910,萜品醇,19882,千克,0,—,208910
29061990,其他环烷醇、环烯醇及...,241908,千克,0,—,1978244
29062100,苄醇,3358,千克,0,—,37844
29062910,2-苯基乙醇,4,千克,0,—,380
29062990,其他芳香醇,246886,千克,0,—,1126922
29071110,苯酚,23903314,千克,0,—,27570715
29071190,苯酚盐,25,千克,0,—,11900
29071211,间甲酚,70060,千克,0,—,702442
29071212,邻甲酚,56,千克,0,—,2060
29071219,其他甲酚,265156,千克,0,—,921650
29071310,壬基酚,374107,千克,0,—,963137
29071390,辛基酚及其异构体和盐...,922000,千克,0,—,1796555
29071590,其他萘酚及萘酚盐,10,千克,0,—,439
29071910,邻仲丁基酚、邻异丙基...,101160,千克,0,—,386938
29071990,未列名一元酚,4241469,千克,0,—,11895345
29072100,间苯二酚,148064,千克,0,—,995725
29072210,对苯二酚,678657,千克,0,—,6822353
29072290,对苯二酚盐,261,千克,0,—,3059
29072300,4，4’-异亚丙基联...,37981811,千克,0,—,56126104
29072910,邻苯二酚,1645317,千克,0,—,2814915
29072990,未列名多元酚；酚醇,96008,千克,0,—,1125667
29081910,对氯苯酚,9,千克,0,—,258
29081990,其他仅含卤素取代基的...,6597426,千克,0,—,40890193
29089910,对硝基酚、对硝基酚钠,0,千克,0,—,912
29089990,未列名酚及酚醇的卤、...,24376,千克,0,—,377295
29091910,甲醚,3115,千克,0,—,111566
29091990,其他无环醚及其卤、磺...,180689,千克,0,—,4603904
29092000,环（烷、烯或萜烯）醚...,328,千克,0,—,49872
29093090,其他芳香醚及其卤化、...,501129,千克,0,—,3349502
29094100,2，2-氧联二乙醇（...,51620256,千克,0,—,32214934
29094300,乙二醇或二甘醇的单丁...,17933244,千克,0,—,22463682
29094400,乙二醇或二甘醇的其他...,816314,千克,0,—,1595580
29094990,未列名醚醇及其卤、磺...,6040478,千克,0,—,11948466
29095000,醚酚、醚醇酚及其卤、...,371090,千克,0,—,3648522
29096010,缩醛及半缩醛过氧化物...,39600,千克,0,—,233858
29096090,过氧化醇、过氧化醚、...,389305,千克,0,—,1843347
29102000,甲基环氧乙烷（氧化丙...,17048357,千克,0,—,19672170
29103000,1-氯-2，3-环氧...,125210,千克,0,—,395110
29109000,其他三节环环氧化物、...,666575,千克,0,—,4914848
29110000,缩醛及半缩醛及其卤、...,86724,千克,0,—,303851
29121100,甲醛,540,千克,0,—,24909
29121200,乙醛,7,千克,0,—,8678
29121900,未列名不含其他含氧基...,1908487,千克,0,—,3917219
29122100,苯甲醛,29333,千克,0,—,358050
29122910,铃兰醛（对叔丁基-α...,13300,千克,0,—,129556
29122990,未列名不含其他含氧基...,288133,千克,0,—,2629194
29124100,香草醛（3-甲氧基-...,643,千克,0,—,22240
29124200,乙基香草醛（3-乙氧...,9500,千克,0,—,203057
29124910,醛醇,278312,千克,0,—,88544
29124990,未列名醛醚、醛酚及含...,379385,千克,0,—,3509630
29125000,环聚醛,17845,千克,0,—,127974
29126000,多聚甲醛,587261,千克,0,—,565854
29130000,2912产品的卤化、...,180200,千克,0,—,207602
29141100,丙酮,56914190,千克,0,—,33351294
29141200,丁酮（甲基乙基（甲）...,22480,千克,0,—,51574
29141300,4-甲基-2-戊酮（...,1898416,千克,0,—,2005313
29141900,未列名不含其他含氧基...,679142,千克,0,—,4305872
29142200,环己酮及甲基环己酮,2424,千克,0,—,41278
29142300,芷香酮及甲基芷香酮,156375,千克,0,—,2081681
29142910,樟脑,350,千克,0,—,14459
29142990,未列名不含其他含氧基...,546358,千克,0,—,4965986
29143910,苯乙酮,0,千克,0,—,42
29143990,未列名不含其他含氧基...,9851,千克,0,—,547104
29144000,酮醇及酮醛,313512,千克,0,—,555006
29145011,覆盆子酮,4,千克,0,—,812
29145019,其他酮酚,20853,千克,0,—,223843
29145090,未列名含有其他含氧基...,122647,千克,0,—,1196435
29146100,蒽醌,24370,千克,0,—,115483
29146200,辅酶Q10（癸烯醌（...,1013,千克,0,—,567954
29146900,未列名醌,97084,千克,0,—,880739
29147900,其他酮及醌的卤化、磺...,21858,千克,0,—,632285
29151100,甲酸,426,千克,0,—,108579
29151200,甲酸盐,20620,千克,0,—,41233
29151300,甲酸酯,919,千克,0,—,22534
29152119,其他冰乙酸,4531,千克,0,—,53453
29152190,乙酸（冰乙酸除外）,158848,千克,0,—,384159
29152400,乙酸酐,195200,千克,0,—,174597
29152910,乙酸钠,205003,千克,0,—,126166
29152990,其他乙酸盐,128453,千克,0,—,1649951
29153100,乙酸乙酯,4555,千克,0,—,46741
29153200,乙酸乙烯酯,18747913,千克,0,—,27103994
29153300,乙酸（正）丁酯,96693,千克,0,—,501248
29153900,未列名乙酸酯,1032499,千克,0,—,3527434
29154000,一氯代乙酸、二氯乙酸...,214050,千克,0,—,365579
29155010,丙酸,2553991,千克,0,—,2566592
29155090,丙酸盐和酯,2060,千克,0,—,69381
29156000,丁酸、戊酸及其盐和酯,1100295,千克,0,—,2800499
29157010,硬脂酸,113806,千克,0,—,251061
29157090,棕榈酸及其盐和酯、硬...,4448637,千克,0,—,7339685
29159000,其他饱和无环一元羧酸...,28717614,千克,0,—,56338897
29161100,丙烯酸及其盐,3275371,千克,0,—,3273513
29161210,丙烯酸甲酯,974463,千克,0,—,1592463
29161220,丙烯酸乙酯,80190,千克,0,—,152381
29161230,丙烯酸丁酯,719298,千克,0,—,1023680
29161240,丙烯酸异辛酯,866746,千克,0,—,2086223
29161290,其他丙烯酸酯,1643812,千克,0,—,6349692
29161300,甲基丙烯酸及其盐,1007718,千克,0,—,2077200
29161400,甲基丙烯酸酯,11744041,千克,0,—,19636230
29161500,油酸、亚油酸或亚麻酸...,185219,千克,0,—,756339
29161900,其他不饱和无环一元羧...,154061,千克,0,—,1121933
29162090,其他环烷（烯，萜烯）...,208765,千克,0,—,2027262
29163100,苯甲酸及其盐和酯,107906,千克,0,—,748003
29163200,过氧化苯甲酰及苯甲酰...,15308,千克,0,—,136205
29163400,苯乙酸及其盐,1,千克,0,—,264
29163920,布洛芬,22000,千克,0,—,258143
29163990,未列名芳香一元羧酸及...,17178,千克,0,—,788567
29171110,草酸,16079,千克,0,—,90366
29171190,其他草酸盐和酯,16086,千克,0,—,330876
29171200,己二酸及其盐和酯,721111,千克,0,—,2151618
29171310,癸二酸及其盐和酯,25834,千克,0,—,212145
29171390,壬二酸及其盐和酯,60859,千克,0,—,421594
29171400,马来酐,68442,千克,0,—,172291
29171900,其他无环多元羧酸及其...,158075,千克,0,—,2201055
29172010,四氢苯酐,166960,千克,0,—,369944
29172090,其他环烷（烯，萜烯）...,1151512,千克,0,—,2762425
29173200,邻苯二甲酸二辛酯,63167,千克,0,—,116333
29173300,邻苯二甲酸二壬酯及邻...,1627670,千克,0,—,2085098
29173410,邻苯二甲酸二丁酯,1604,千克,0,—,10772
29173490,其他邻苯二甲酸酯,981284,千克,0,—,2682685
29173500,邻苯二甲酸酐,762152,千克,0,—,765009
29173611,精对苯二甲酸,159236,千克,0,—,105261
29173619,其他对苯二甲酸,48713,千克,0,—,25746
29173690,对苯二甲酸盐,17136,千克,0,—,39413
29173700,对苯二甲酸二甲酯,5310860,千克,0,—,7732992
29173910,间苯二甲酸,21884190,千克,0,—,25490685
29173990,其他芳香多元羧酸及其...,2334609,千克,0,—,4364602
29181100,乳酸及其盐和酯,2056865,千克,0,—,3582685
29181200,酒石酸,43149,千克,0,—,312553
29181300,酒石酸盐及酒石酸酯,20251,千克,0,—,102793
29181400,柠檬酸,149711,千克,0,—,1036738
29181500,柠檬酸盐及柠檬酸酯,128315,千克,0,—,852500
29181600,葡糖酸及其盐和酯,71481,千克,0,—,166916
29181900,其他含醇基但不含其他...,361215,千克,0,—,2434958
29182110,水杨酸、水杨酸钠,1868,千克,0,—,32509
29182190,其他水杨酸盐,659,千克,0,—,45076
29182210,邻乙酰水杨酸（阿斯匹...,0,千克,0,—,104
29182290,邻乙酰水杨酸盐和酯,0,千克,0,—,1950
29182300,水杨酸的其他酯及其盐,27465,千克,0,—,222054
29182900,其他含酚基羧酸等及其...,1399542,千克,0,—,5746023
29183000,含醛基或酮基的羧酸等...,370655,千克,0,—,4890565
29189900,其他含附加含氧基羧酸...,428841,千克,0,—,4137451
29199000,其他磷酸脂及盐和卤、...,367265,千克,0,—,3043594
29201900,其他硫代磷酸酯及盐和...,60,千克,0,—,2384
29202910,其他亚磷酸酯,249026,千克,0,—,2276273
29202990,亚磷酸酯的盐，以及亚...,52,千克,0,—,4061
29209000,未列名非金属无机酸酯...,2093806,千克,0,—,9519550
29211100,甲胺、二甲胺或三甲胺...,5,千克,0,—,13924
29211910,二正丙胺,0,千克,0,—,45
29211920,异丙胺,4,千克,0,—,475
29211990,未列名无环单胺及其衍...,320473,千克,0,—,5241995
29212110,乙二胺,3188079,千克,0,—,14752970
29212190,乙二胺盐,57980,千克,0,—,292506
29212210,己二酸己二胺盐（尼龙...,306500,千克,0,—,1109530
29212290,六亚甲基二胺及其未列...,863154,千克,0,—,3674267
29212900,其他无环多胺及其衍生...,3362667,千克,0,—,20214740
29213000,环（烷、烯、萜烯）单...,680932,千克,0,—,7456667
29214110,苯胺,8,千克,0,—,984
29214190,苯胺盐,38400,千克,0,—,77144
29214200,苯胺衍生物及其盐,1117547,千克,0,—,5211710
29214300,甲苯胺及其衍生物以及...,213608,千克,0,—,792707
29214400,二苯胺及其衍生物以及...,35077,千克,0,—,283504
29214500,1-萘胺、2-萘胺及...,30923,千克,0,—,255172
29214920,二甲基苯胺,112000,千克,0,—,127133
29214990,未列名芳香单胺及其衍...,97198,千克,0,—,3367129
29215110,邻苯二胺,56366,千克,0,—,141963
29215190,间-、对-苯二胺、二...,2010560,千克,0,—,7014209
29215900,其他芳香多胺及其衍生...,170058,千克,0,—,3232070
29221100,单乙醇胺及其盐,2047918,千克,0,—,2263415
29221200,二乙醇胺及其盐,8101258,千克,0,—,7464207
29221500,三乙醇胺,3474931,千克,0,—,2436109
29221921,二甲氨基乙醇及其质子...,584478,千克,0,—,1032447
29221922,二乙氨基乙醇及其质子...,72000,千克,0,—,217440
29221930,乙基二乙醇胺盐,14400,千克,0,—,47520
29221940,甲基二乙醇胺盐,1,千克,0,—,12
29221950,本芴醇,5400,千克,0,—,211101
29221990,未列名氨基醇及其醚和...,1318956,千克,0,—,9660390
29222100,氨基羟基萘磺酸及其盐,42740,千克,0,—,437216
29222910,茴香胺、二茴香胺、氨...,31936,千克,0,—,285679
29222990,其他氨基萘酚和其他氨...,127605,千克,0,—,2218142
29223100,安非拉酮、美沙酮和去...,0,千克,0,—,433
29223990,其他氨基醛、氨基酮和...,14101,千克,0,—,309318
29224110,赖氨酸,278,千克,0,—,31689
29224190,赖氨酸酯及盐,20863,千克,0,—,101204
29224210,谷氨酸,91,千克,0,—,4577
29224220,谷氨酸钠,20091,千克,0,—,44734
29224290,其他谷氨酸盐,11,千克,0,—,1329
29224310,邻氨基苯甲酸（氨茴酸...,2,千克,0,—,42
29224390,邻氨基苯甲酸（氨茴酸...,3,千克,0,—,154
29224911,氨甲环酸,10,千克,0,—,1721
29224919,未列名氨基酸,832436,千克,0,—,6111551
29224991,普鲁卡因,2,千克,0,—,9127
29224999,其他氨基酸酯及盐,284550,千克,0,—,2647016
29225010,对羟基苯酐氨酸及其邓...,1200,千克,0,—,33000
29225090,其他氨基醇酚、氨基酸...,107210,千克,0,—,6229609
29231000,胆碱及其盐,12134,千克,0,—,169628
29232000,卵磷脂及其他磷氨基类...,625730,千克,0,—,4036542
29239000,其他季铵盐及季铵碱,1781397,千克,0,—,4179926
29241910,N，N－二甲基甲酰胺,2336,千克,0,—,89453
29241990,其他无环酰胺及其衍生...,958450,千克,0,—,5173788
29242100,烷基脲及其衍生物以及...,177,千克,0,—,25262
29242930,阿斯巴甜,20162,千克,0,—,338859
29242990,未列名环酰胺及其衍生...,393320,千克,0,—,33100138
29251100,糖精及其盐,1795,千克,0,—,27043
29251900,其他酰亚胺及其衍生物...,56748,千克,0,—,2065383
29252900,其他亚胺及其衍生物以...,330645,千克,0,—,7675798
29261000,丙烯腈,8777446,千克,0,—,12786820
29262000,1-氰基胍（双氰胺）,37981,千克,0,—,205250
29269020,间苯二甲腈,7,千克,0,—,477
29269090,未列名腈基化合物,17909789,千克,0,—,68410710
29270000,重氮化合物、偶氮化合...,98703,千克,0,—,2448369
29280000,肼（联氨）及胲（羟胺...,220196,千克,0,—,1020059
29291010,2，4－和2，6－甲...,2000462,千克,0,—,3824889
29291020,二甲苯二异氰酸酯（T...,1,千克,0,—,36
29291030,二苯基甲烷二异氰酸酯...,5153634,千克,0,—,10956999
29291040,六亚甲基二异氰酸酯,972660,千克,0,—,3459120
29291090,其他异氰酸酯,1216001,千克,0,—,17404332
29299090,未列名含氮基化合物,10042,千克,0,—,3101314
29302000,硫代氨基甲酸酯或盐及...,63879,千克,0,—,473192
29303000,一或二或四硫化二烃氨...,23202,千克,0,—,117096
29304000,甲硫氨酸（蛋氨酸）,15216322,千克,0,—,34399273
29309010,双巯丙氨酸（胱氨酸）,575,千克,0,—,200300
29309090,未列名有机硫化合物,7540413,千克,0,—,46605685
29314990,其他非卤化有机磷衍生...,182474,千克,0,—,2378690
29315900,其他卤化有机磷衍生物,506,千克,0,—,151201
29319000,未列名有机无机化合物,1287168,千克,0,—,42574675
29321100,四氢呋喃,1007376,千克,0,—,2259804
29321200,2-糠醛,25102,千克,0,—,73420
29321300,糠醇及四氢糠醇,1212,千克,0,—,15790
29321400,三氯蔗糖,169,千克,0,—,9231
29321900,其他结构上含有一个非...,18433,千克,0,—,782874
29322010,香豆素、甲基香豆素及...,3861,千克,0,—,161895
29322090,其他内酯,386750,千克,0,—,3830456
29329500,四氢大麻酚（所有的异...,0,千克,0,—,3354
29329600,克百威（ISO）,76000,千克,0,—,1115109
29329910,7-羟基苯并呋喃（呋...,0,千克,0,—,64294
29329930,蒿甲醚,75,千克,0,—,32153
29329990,其他仅含有氧杂原子的...,323355,千克,0,—,20854046
29331100,二甲基苯基吡唑酮（安...,96,千克,0,—,95032
29331990,未列名结构上含有非稠...,119280,千克,0,—,12832716
29332100,乙内酰脲及其衍生物,43790,千克,0,—,298079
29332900,其他结构上含有非稠合...,251996,千克,0,—,7458442
29333100,吡啶及其盐,326095,千克,0,—,1339402
29333210,哌啶,40800,千克,0,—,194616
29333300,阿芬太尼，阿尼利定等...,0,千克,0,—,670
29333600,4-苯氨基-N-苯乙...,0,千克,0,—,5480
29333990,未列名结构上含有一个...,1362881,千克,0,—,95616096
29334900,其他结构上含有一个喹...,106571,千克,0,—,4527010
29335200,丙二酰脲（巴比土酸）...,2,千克,0,—,2394
29335400,其他丙二酰脲的衍生物...,0,千克,0,—,1353
29335910,胞嘧啶,0,千克,0,—,480
29335990,其他结构上含有一个嘧...,372755,千克,0,—,41477926
29336100,三聚氰胺（蜜胺）,14261,千克,0,—,56063
29336922,三氯异氰脲酸,16200,千克,0,—,38173
29336929,其他异氰脲酸氯化衍生...,24036,千克,0,—,58165
29336990,未列名结构上含有非稠...,923710,千克,0,—,8060201
29337100,6-己内酰胺,6694753,千克,0,—,9418480
29337900,其他内酰胺,828126,千克,0,—,8760359
29339100,阿普唑仑，卡马西泮等...,7,千克,0,—,11200
29339900,未列名仅含有氮杂原子...,1254963,千克,0,—,119197559
29341090,其他结构上含有一个非...,5351,千克,0,—,836146
29342000,含一个苯并噻唑环系未...,17430,千克,0,—,457674
29343000,含一个吩噻嗪环系的未...,51103,千克,0,—,359487
29349910,磺内酯及磺内酰胺,60,千克,0,—,7973
29349930,核酸及其盐,222,千克,0,—,1956558
29349940,奈韦拉平、依发韦仑、...,253,千克,0,—,73518
29349950,克拉维酸及其盐,2,千克,0,—,596
29349960,7-苯乙酰基-3-氯...,235513,千克,0,—,15685654
29349990,未列名杂环化合物,827595,千克,0,—,51781328
29359000,其他磺(酰)胺,328830,千克,0,—,33829311
29362100,未混合的维生素A及其...,53309,千克,0,—,1396622
29362200,未混合的维生素B1及...,1119,千克,0,—,49416
29362300,未混合的维生素B2及...,80230,千克,0,—,928865
29362400,未混合的D或DL-泛...,27920,千克,0,—,623552
29362500,未混合的维生素B6及...,1,千克,0,—,4126
29362600,未混合的维生素B12...,1117,千克,0,—,226009
29362700,未混合的维生素C及其...,3457,千克,0,—,364909
29362800,未混合的维生素E及其...,137115,千克,0,—,4771858
29362900,其他未混合的维生素及...,18744,千克,0,—,1859813
29369010,维生素AD3,2,千克,0,—,103
29369090,天然或合成再制的维生...,501,千克,0,—,37786
29371100,生长激素及其衍生物和...,0,千克,0,—,19382
29371210,重组人胰岛素及其盐,129,千克,0,—,15555667
29371290,其他胰岛素及其盐,0,千克,0,—,680
29371900,其他多肽等激素及其衍...,461,千克,0,—,92639033
29372100,可的松、氢化可的松、...,0,千克,0,—,237
29372290,其他皮质甾类激素的卤...,20,千克,0,—,42152
29372390,其他雌（甾）激素和孕...,1,千克,0,—,15975
29372900,其他甾族激素及其衍生...,425,千克,0,—,1066696
29375000,前列腺素、血栓烷等及...,1,千克,0,—,348066
29379000,其他天然或合成再制的...,18,千克,0,—,73215
29389010,齐多夫定/拉米夫定/...,0,千克,0,—,166
29389090,其他苷及其盐、醚、酯...,468183,千克,0,—,4116809
29391100,罂粟杆浓缩物、丁丙诺...,50,千克,0,—,457298
29391900,其他鸦片碱及其衍生物...,2114,千克,0,—,6504673
29395900,其他茶碱和氨茶碱及其...,35,千克,0,—,3500
29396900,其他麦角生物碱及其衍...,271,千克,0,—,1502919
29397210,可卡因及其盐,0,千克,0,—,235
29397990,植物来源的其他天然或...,95,千克,0,—,733244
29398000,非植物来源的其他天然...,1657,千克,0,—,360048
29400090,其他化学纯糖，但蔗糖...,742247,千克,0,—,1481884
29411093,6氨基青霉烷酸（6A...,1,千克,0,—,3224
29411099,其他青霉素和有其结构...,8200,千克,0,—,262400
29415000,红霉素及其衍生物以及...,4575,千克,0,—,1367925
29419010,庆大霉素及其衍生物以...,52,千克,0,—,170966
29419053,头孢唑啉及其盐,610,千克,0,—,144178
29419055,头孢三嗪（头孢曲松）...,5221,千克,0,—,12162131
29419057,头孢噻肟及其盐,3096,千克,0,—,659904
29419058,头孢克罗及其盐,2250,千克,0,—,463674
29419059,其他头孢菌素及其衍生...,1940,千克,0,—,2105271
29419090,未列名抗菌素,21778,千克,0,—,13132635
29420000,其他有机化合物,85855,千克,0,—,7109143
30012000,腺体、其他器官及其分...,230,千克,0,—,175141
30019010,肝素及其盐,16310,千克,0,—,13096483
30019090,未列名供防治病用的人...,78104,千克,0,—,1382972
30021200,抗血清及其他血份,469250,千克,0,—,208715845
30021300,非混合的免疫制品，未...,192,千克,0,—,8095768
30021400,混合的免疫制品，未配...,2562,千克,0,—,6564937
30021500,免疫制品，已配定剂量...,129788,千克,0,—,848904997
30024100,人用疫苗,106543,千克,0,—,236267552
30024200,兽用疫苗,152956,千克,0,—,22553841
30024930,细菌及病毒,77437,千克,5223079163960,株,22155163
30024990,其他毒素、培养微生物...,6305,千克,0,—,9954945
30025900,其他细胞培养物（细胞...,8,千克,0,—,2186099
30029090,人血；其他治病、防病...,31,千克,0,—,66161
30034900,其他含有生物碱及其衍...,24035,千克,0,—,1756461
30039000,未列名两种或两种以上...,243231,千克,0,—,30628704
30041011,氨苄青霉素制剂,15958,千克,0,—,601983
30041012,羟氨苄青霉素制剂,79861,千克,0,—,6860447
30041019,其他含有青霉素及具有...,3369,千克,0,—,328660
30042011,头孢噻肟制剂,43,千克,0,—,7493
30042012,头孢他啶制剂,1476,千克,0,—,1719896
30042013,头孢西丁制剂,73,千克,0,—,22663
30042016,头孢呋辛制剂,1972,千克,0,—,298496
30042017,头孢三嗪（头孢曲松）...,2371,千克,0,—,112149
30042019,其他含有头孢菌素的药...,19834,千克,0,—,1685322
30042090,未列名含有抗菌素的药...,777596,千克,0,—,82065763
30043110,含有重组人胰岛素的药...,13122,千克,0,—,2758907
30043190,含有其他胰岛素的药品...,700,千克,0,—,287000
30043200,含有皮质甾类激素及其...,373579,千克,0,—,64197080
30043900,未列名含有激素或品目...,390118,千克,0,—,255616864
30044900,未列名含有其他生物碱...,561204,千克,0,—,23021067
30045000,其他含有维生素或品目...,1283307,千克,0,—,42268998
30049010,含有磺胺类的药品，已...,48667,千克,0,—,48791179
30049051,中药酒,8078,千克,0,—,21563
30049054,清凉油,24351,千克,0,—,3110881
30049059,其他中式成药,2329503,千克,0,—,34484142
30049090,未列名混合或非混合产...,3644597,千克,0,—,1048718046
30051010,橡皮膏,13020,千克,0,—,288125
30051090,未列名胶粘敷料及其他...,432664,千克,0,—,21027458
30059010,药棉、纱布、绷带,49307,千克,0,—,595479
30059090,未列名软填料及类似物...,56584,千克,0,—,5114784
30061000,无菌外科肠线，昆布，...,30020,千克,0,—,19942093
30063000,X光检查造影剂；用于...,77651,千克,0,—,12444247
30064000,牙科粘固剂及其他牙科...,77409,千克,0,—,15079000
30065000,急救药箱、药包,2077,千克,0,—,205038
30066010,以激素为基本成分的避...,21099,千克,0,—,25423094
30067000,专用于人类或兽药的凝...,32923,千克,0,—,1126293
30069100,可确定用于造口术的用...,89195,千克,0,—,6712789
30069300,安慰剂和盲法（或双盲...,2484,千克,0,—,5169895
31010090,经化学处理的动植物肥...,1040533,千克,0,—,867734
31021000,尿素，不论是否水溶液,248967,千克,0,—,183913
31022100,硫酸铵,167,千克,0,—,5962
31025000,硝酸钠,5301,千克,0,—,12177
31026000,硝酸钙和硝酸铵的复盐...,1211305,千克,0,—,585033
31029090,其他矿物氮肥及化学氮...,760884,千克,0,—,1187869
31039000,其他矿物磷肥及化学磷...,5280,千克,0,—,24235
31042020,纯氯化钾,8609287,千克,0,—,7510227
31042090,其他氯化钾,641157321,千克,0,—,388776374
31043000,硫酸钾,7393300,千克,0,—,4599642
31049010,光卤石、钾盐及其他天...,8023800,千克,0,—,2079265
31049090,其他矿物钾肥及化学钾...,2023460,千克,0,—,968748
31051000,制成片状等或每包毛重...,163488,千克,0,—,441328
31052000,含氮、磷、钾三种元素...,54138887,千克,0,—,36974860
31053000,磷酸氢二铵,1,千克,0,—,93
31054000,磷酸二氢铵及其与磷酸...,1,千克,0,—,253
31055900,其他含氮、磷两种元素...,314623,千克,0,—,713697
31056000,含磷、钾两种肥效元素...,290171,千克,0,—,921167
31059010,有机-无机复混肥料,1255616,千克,0,—,1216793
31059090,其他肥料,1476921,千克,0,—,2114253
32011000,坚木浸膏,159200,千克,0,—,283925
32012000,荆树皮浸膏,668001,千克,0,—,1242864
32019010,其他植物鞣料浸膏,228900,千克,0,—,375074
32019090,鞣酸及其盐、醚、酯和...,295859,千克,0,—,862074
32021000,有机合成鞣料,3242950,千克,0,—,5923482
32029000,无机鞣料；鞣料制剂；...,2494660,千克,0,—,3643780
32030011,天然靛蓝及以其为基本...,4015,千克,0,—,8596
32030019,其他植物质着色料及以...,57364,千克,0,—,2453593
32030020,动物质着色料及以其为...,10920,千克,0,—,677625
32041100,分散染料及以其为基本...,261456,千克,0,—,4392316
32041200,酸性染料和媒染染料及...,1100152,千克,0,—,10715110
32041300,碱性染料及以其为基本...,323676,千克,0,—,2195297
32041400,直接染料及以其为基本...,750037,千克,0,—,2363659
32041510,合成靛蓝（还原靛蓝）,20881,千克,0,—,90038
32041590,其他瓮染染料及以其为...,27583,千克,0,—,916401
32041600,活性染料及以其为基本...,581894,千克,0,—,6350876
32041700,颜料及以其为基本成分...,1836508,千克,0,—,27979126
32041820,以类胡萝卜素（包括胡...,39196,千克,0,—,2395241
32041911,硫化黑（硫化青）及以...,9870,千克,0,—,73542
32041919,其他硫化染料及以其为...,65545,千克,0,—,640067
32041990,未列名有机合成着色料...,268390,千克,0,—,2954854
32042000,用作荧光增白剂的有机...,100209,千克,0,—,1226878
32049010,有机合成的生物染色剂...,4542,千克,0,—,963449
32049090,其他用作发光体的有机...,19815,千克,0,—,32813852
32050000,色淀；本章注释3所述...,33517,千克,0,—,1056253
32061110,钛白粉,3873670,千克,0,—,15323334
32061190,其他干物质计二氧化钛...,254519,千克,0,—,1731848
32061900,其他以二氧化钛为基本...,698481,千克,0,—,5149492
32062000,以铬化合物为基本成分...,55429,千克,0,—,855367
32064100,群青及以其为基本成分...,392456,千克,0,—,1084578
32064210,锌钡白（立德粉）,3125,千克,0,—,16004
32064290,其他以硫化锌为基本成...,29032,千克,0,—,190766
32064911,以钒酸铋为基本成分的...,15457,千克,0,—,354454
32064919,其他以铋化合物为基本...,81,千克,0,—,1829
32064990,未列名着色料及其他制...,1798296,千克,0,—,16332784
32065000,用作发光体的无机产品,14410,千克,0,—,3229486
32071000,陶瓷、搪瓷及玻璃工业...,227533,千克,0,—,2977723
32072000,珐琅和釉料、釉底料（...,1570771,千克,0,—,4908414
32073000,光瓷釉及类似制品,25410,千克,0,—,661773
32074000,搪瓷玻璃料及其他玻璃...,951727,千克,0,—,4602499
32081000,以聚酯为基本成分的油...,577936,千克,0,—,5513125
32082010,以丙烯酸聚合物为基本...,2938617,千克,0,—,22402132
32082020,以乙烯聚合物为基本成...,37725,千克,0,—,868614
32089010,聚氨酯化合物油漆及清...,610581,千克,0,—,5102873
32089090,未列名溶于非水介质聚...,3932007,千克,0,—,70716278
32091000,丙烯酸或乙烯聚合物油...,5305768,千克,0,—,14646156
32099010,以环氧树脂为基本成分...,1614189,千克,0,—,5555025
32099020,以氟树脂为基本成分的...,14655,千克,0,—,439347
32099090,以未列名聚合物为基本...,868753,千克,0,—,6419442
32100000,其他油漆及清漆；加工...,588061,千克,0,—,9519227
32110000,配制的催干剂,254959,千克,0,—,2975967
32121000,压印箔,126330,千克,0,—,3989096
32129000,制造油漆（含瓷漆）用...,731349,千克,0,—,12465723
32131000,成套的颜料,46893,千克,0,—,508226
32139000,其他颜料、调色料、文...,62996,千克,0,—,1031478
32141010,封装半导体器件用树脂...,1119402,千克,0,—,22721270
32141090,其他安装玻璃用油灰、...,3122435,千克,0,—,26064510
32149000,非耐火涂面制剂，涂门...,264344,千克,0,—,1124951
32151100,黑色印刷油墨,152948,千克,0,—,4735810
32151900,其他印刷油墨,643182,千克,0,—,19120376
32159010,书写墨水,229455,千克,0,—,1432133
32159020,水性喷墨墨水,575423,千克,0,—,12371860
32159090,其他绘图墨水及其他墨...,537673,千克,0,—,6002176
33011200,橙油,90465,千克,0,—,2931224
33011300,柠檬油,64132,千克,0,—,1507056
33011910,白柠檬油（酸橙油）,20715,千克,0,—,1126611
33011990,其他柑桔属果实精油,24367,千克,0,—,1520071
33012400,胡椒薄荷油,10026,千克,0,—,425576
33012500,其他薄荷油,174182,千克,0,—,2555611
33012920,香茅油,19,千克,0,—,1757
33012930,茴香油,208,千克,0,—,10908
33012940,桂油,20636,千克,0,—,702497
33012950,山苍子油,16570,千克,0,—,74769
33012960,桉叶油,948,千克,0,—,42216
33012991,老鹳草油（香叶油）,1433,千克,0,—,171542
33012999,未列名非柑桔属果实精...,75337,千克,0,—,5597971
33013010,鸢尾凝脂,47,千克,0,—,3087
33013090,其他香膏,279,千克,0,—,30685
33019010,提取的油树脂,84021,千克,0,—,3892697
33019020,柑桔属果实的精油脱萜...,46236,千克,0,—,324175
33019090,含浓缩精油的制品；其...,100073,千克,0,—,1137259
33021010,酒精浓度≤0.5%以...,312770,千克,0,—,10855748
33021090,其他食品饮料工业用混...,864050,千克,0,—,19772295
33029000,其他工业用混合香料及...,841616,千克,0,—,16319532
33030000,香水及花露水,213692,千克,11787650,件,87525675
33041000,唇用化妆品,57081,千克,9237965,件,55501836
33042000,眼用化妆品,41362,千克,4058060,件,19433770
33043000,指（趾）甲化妆品,5181,千克,219671,件,687321
33049100,粉，不论是否压紧,128231,千克,5874647,件,44484420
33049900,其他美容品或化妆品及...,16381434,千克,383112383,件,1535112646
33051000,洗发剂（香波）,4435849,千克,0,—,38851779
33052000,烫发剂,43946,千克,0,—,535966
33053000,定型剂,66044,千克,0,—,1921027
33059000,其他护发品,2121421,千克,0,—,43178019
33061010,牙膏,1596182,千克,0,—,13015795
33061090,其他洁齿品,49309,千克,0,—,1301584
33062000,清洁牙缝用纱线（牙线...,42532,千克,0,—,1041615
33069010,漱口剂,445965,千克,0,—,1632470
33069090,其他口腔清洁剂，包括...,51826,千克,0,—,935242
33071000,剃须用制剂,12413,千克,0,—,171483
33072000,人体除臭剂及止汗剂,13413,千克,0,—,1282107
33073000,香浴盐及其他泡澡用制...,224615,千克,0,—,1131473
33074100,神香及其他室内通过燃...,42151,千克,0,—,218044
33074900,室内除臭制品,442791,千克,0,—,5907327
33079000,脱毛剂和未列名的芳香...,1947653,千克,0,—,17595126
34011100,盥洗用条块状肥皂及有...,975106,千克,0,—,4865730
34011910,洗衣皂（条状、块状或...,2012730,千克,0,—,4460250
34011990,未列名条块状肥皂及有...,797359,千克,0,—,2045761
34012000,其他形状的肥皂,5009588,千克,0,—,5929938
34013000,洁肤用有机表面活性产...,8310056,千克,0,—,150561087
34023100,直链烷基苯磺酸及其盐,239145,千克,0,—,579237
34023900,其他阴离子型有机表面...,6006161,千克,0,—,15414611
34024100,阳离子型有机表面活性...,592334,千克,0,—,2635923
34024200,非离子型有机表面活性...,15996860,千克,0,—,45675167
34024900,其他有机表面活性剂,364399,千克,0,—,1201506
34025010,零售包装的合成洗涤粉,523538,千克,0,—,1041325
34025090,其他零售包装表面活性...,13840633,千克,0,—,39456101
34029000,其他表面活性剂制品、...,7458876,千克,0,—,38453523
34031100,矿物油＜70％的纺织...,5346206,千克,0,—,16075974
34031900,矿物油＜70％的润滑...,4655900,千克,0,—,31956881
34039100,不含矿物油的纺织材料...,8873424,千克,0,—,27330298
34039900,不含石油或从沥青矿物...,9750373,千克,0,—,72045965
34042000,聚氧乙烯（聚乙二醇）...,1281003,千克,0,—,5328098
34049000,其他人造蜡及调制蜡,13187525,千克,0,—,41374845
34051000,鞋靴或皮革用的上光剂...,83155,千克,0,—,675559
34052000,保养木制品用的上光剂...,161077,千克,0,—,1470096
34053000,车身用的上光剂及类似...,210245,千克,0,—,1528726
34054000,擦洗膏、去污粉及类似...,122392,千克,0,—,809179
34059000,玻璃或金属用的光洁剂...,6369214,千克,0,—,46667808
34060000,各种蜡烛及类似品,201070,千克,0,—,3714576
34070010,成套、零售包装或制成...,70478,千克,0,—,1660537
34070020,以熟石膏为基本成分的...,156861,千克,0,—,821044
34070090,其他塑型用膏,197306,千克,0,—,1125235
35011000,酪蛋白,1103356,千克,0,—,14509426
35019000,酪蛋白酸盐及其他酪蛋...,1723171,千克,0,—,25721329
35021100,干的卵清蛋白,46,千克,0,—,1833
35022000,乳白蛋白，两种或两种...,3094381,千克,0,—,44308133
35029000,其他白蛋白、白蛋白盐...,27594,千克,0,—,1170030
35030010,明胶及其衍生物,245327,千克,0,—,1674586
35030090,鱼胶；其他动物胶,2560,千克,0,—,156038
35040010,蛋白胨,66952,千克,0,—,3486193
35040090,蛋白胨衍生物；未列名...,856093,千克,0,—,10623743
35051000,糊精及其他改性淀粉,41792209,千克,0,—,40717668
35052000,以淀粉、糊精或其他改...,31840,千克,0,—,20728
35061000,零售包装每件净重≤1...,524109,千克,0,—,60912100
35069110,以聚酰胺为基本成分的...,207211,千克,0,—,1683421
35069120,以环氧树脂为基本成分...,794483,千克,0,—,17294093
35069190,其他以橡胶或39章聚...,9184096,千克,0,—,112213541
35069900,未列名的调制胶及其他...,1307595,千克,0,—,15127910
35071000,粗制凝乳酶及其浓缩物,100,千克,0,—,9586
35079010,碱性蛋白酶,130493,千克,0,—,978925
35079020,碱性脂肪酶,6511,千克,0,—,89890
35079090,未列名的酶；未列名的...,892212,千克,0,—,24163403
36010000,发射药,20797,千克,0,—,1526697
36033000,火帽,454,千克,0,—,106418
36035000,引爆器,48130,千克,0,—,11998966
36049000,信号弹、降雨火箭及其...,0,千克,0,—,1388
36050000,火柴，但3604的烟...,78,千克,0,—,12823
36061000,打火机液体燃料，容器...,144,千克,0,—,7371
36069011,已切成形可直接使用的...,1597,千克,0,—,98163
36069090,其他易燃材料制品,40,千克,0,—,1310
37011000,X光用摄影感光硬片及...,23026,千克,69550,平方米,826209
37012000,一次成像软片,48209,千克,0,—,2769993
37013021,激光照排片，任一边＞...,18121,千克,68952,平方米,360962
37013024,未曝光的CTP版，任...,12401,千克,10159,平方米,441264
37013025,柔性印刷版，任何一边...,94273,千克,45787,平方米,2393603
37013029,其他照相制版用硬片及...,202761,千克,98517,平方米,4056386
37013090,未列名硬片及软片，任...,390031,千克,1356566,平方米,6872492
37019100,彩色摄影用硬片及平面...,11,千克,0,—,3349
37019920,照相制版用其他硬片及...,18477,千克,1091,平方米,16265959
37019990,未列名硬片及平面软片,12693,千克,47073,平方米,305942
37021000,X光用成卷的感光卷片,99014,千克,346883,平方米,3698365
37023110,无齿孔彩色摄影用一次...,24,千克,77,平方米,5000
37023190,其他无齿孔彩色摄影用...,276,千克,538,平方米,33603
37023220,制版用涂卤化银无齿孔...,453,千克,1464,平方米,10201
37023290,其他涂卤化银无齿孔卷...,387,千克,1713,平方米,28497
37023920,其他制版用无齿孔卷片...,1,千克,0,平方米,3135
37024221,制印刷电路板光致抗蚀...,52124,千克,678142,平方米,973490
37024229,其他照相制版单色无孔...,423398,千克,2048789,平方米,7431563
37024292,未曝光红色或红外激光...,1046762,千克,4072738,平方米,21193579
37024321,激光照排片，宽＞61...,1248,千克,16677,平方米,61108
37024329,其他照相制版无齿孔卷...,3252,千克,16381,平方米,72707
37024390,未列名无齿孔卷片，宽...,44,千克,108,平方米,9642
37024421,激光照排片，105m...,521,千克,74,平方米,45104
37024422,制印刷电路板光致抗蚀...,39219,千克,283012,平方米,5984153
37024429,其他照相制版无齿孔卷...,17034,千克,305550,平方米,2023863
37024490,其他无齿孔卷片，10...,827,千克,3031,平方米,164698
37025410,非幻灯用彩卷，宽35...,7870,千克,21280,平方米,670376
37025520,彩色电影卷片，16m...,2154,千克,8816,平方米,115448
37025590,其他彩色卷片，16m...,774,千克,4278,平方米,189891
37025690,其他彩色卷片，宽＞3...,115,千克,213,平方米,32116
37029600,其他未曝光的卷片，宽...,1296,千克,3012,平方米,103790
37029700,其他未曝光的卷片，宽...,510,千克,1409,平方米,36471
37029800,其他未曝光的卷片，宽...,73,千克,52,平方米,9637
37031010,成卷的摄影感光纸及纸...,151867,千克,0,—,782098
37032010,其他彩色摄影用感光纸...,14,千克,0,—,1085
37032090,其他彩色摄影用感光纺...,62,千克,0,—,6720
37039010,其他非彩色摄影用感光...,144,千克,0,—,11979
37039090,其他非彩色摄影用感光...,0,千克,0,—,110
37040090,其他已曝光未冲洗的摄...,3,千克,0,—,381
37050029,其他已曝光已冲洗的缩...,10,千克,0,—,61378
37050090,其他已曝光已冲洗的摄...,3324,千克,0,—,3110716
37071000,感光乳液,382573,千克,0,—,19197269
37079010,冲洗照相胶卷及相片用...,73689,千克,0,—,159085
37079020,复印机用化学制剂,708961,千克,0,—,14947759
37079090,未列名摄影用化学制剂...,3882958,千克,0,—,173871107
38011000,人造石墨,1548010,千克,0,—,18194067
38012000,胶态或半胶态石墨,48472,千克,0,—,389379
38013000,电极用碳糊及炉衬用的...,4871,千克,0,—,65468
38019010,表面处理的球化石墨,29610,千克,0,—,223282
38019090,未列名以石墨或其他碳...,5410141,千克,0,—,17459795
38021010,木质活性碳,1192979,千克,0,—,4996007
38021090,其他活性碳,1984696,千克,0,—,8154237
38029000,活性天然矿产品；动物...,585232,千克,0,—,1840471
38030000,妥尔油，不论是否精炼,1142192,千克,0,—,1593914
38040000,木桨残余碱液,2547971,千克,0,—,3691595
38051000,脂松节油、木松节油和...,104460,千克,0,—,82700
38059010,以α萜品醇为基本成分...,31844,千克,0,—,209432
38059090,其他萜烯油及粗制二聚...,6510,千克,0,—,13353
38061010,松香,7251139,千克,0,—,10240755
38062010,松香盐及树脂酸盐,15180,千克,0,—,207777
38063000,酯胶,179655,千克,0,—,670527
38069000,其他松香和树脂酸衍生...,187790,千克,0,—,813762
38070000,木焦油；木杂酚油；粗...,158769,千克,0,—,107326
38086900,每包净重超过7.5千...,15660,千克,0,—,148350
38089119,其他零售包装的杀虫剂,31461,千克,0,—,1591519
38089190,非零售包装的杀虫剂,312338,千克,0,—,3706448
38089210,零售包装杀菌剂,85341,千克,0,—,404951
38089290,非零售包装的杀菌剂,1179786,千克,0,—,20842012
38089319,非零售包装除草剂,228768,千克,0,—,4184089
38089391,零售包装抗萌剂及植物...,6337,千克,0,—,226383
38089399,非零售包装抗萌剂及植...,24000,千克,0,—,1068736
38089400,消毒剂,2436494,千克,0,—,15688076
38089910,零售包装的本品目所列...,42643,千克,0,—,328631
38089990,非零售包装的本品目所...,525160,千克,0,—,2055149
38091000,纺织、造纸、制革等工...,96098,千克,0,—,96186
38099100,纺织等工业用的其他整...,4025414,千克,0,—,16656939
38099200,造纸等工业用的其他整...,2987988,千克,0,—,7990263
38099300,制革等工业用的其他整...,1965407,千克,0,—,8330364
38101000,金属表面酸洗剂；金属...,716962,千克,0,—,12584330
38109000,焊接辅助剂；作焊条芯...,1371178,千克,0,—,9674050
38111900,其他抗震剂,923,千克,0,—,8197
38112100,含石油或从沥青矿物提...,21718691,千克,0,—,90936528
38112900,其他润滑油添加剂,1933427,千克,0,—,10221864
38119000,其他供矿物油等同样用...,1533910,千克,0,—,8867456
38121000,配制的橡胶促进剂,1531948,千克,0,—,5496579
38122000,橡胶或塑料用复合增塑...,2276153,千克,0,—,7587751
38123100,"2,2,4-三甲基-...",32510,千克,0,—,98126
38123910,其他橡胶防老剂,359005,千克,0,—,1940063
38123990,未列名橡胶或塑料用抗...,3343091,千克,0,—,25182167
38130010,灭火器的装配药,702022,千克,0,—,1528116
38140000,未列名的有机复合溶剂...,2991982,千克,0,—,13584428
38151100,以镍及其化合物为活性...,488077,千克,0,—,12772663
38151200,以贵金属及其化合物为...,194656,千克,0,—,54668428
38151900,其他载体催化剂,2274862,千克,0,—,71463321
38159000,未列名的反应引发剂、...,1944746,千克,0,—,30870566
38160010,夯混白云石,60,千克,0,—,5924
38160020,耐火的水泥、灰泥、混...,2170790,千克,0,—,2706755
38170000,混合烷基苯及混合烷基...,2433223,千克,0,—,4216790
38180011,7.5cm≤直径≤1...,7766,千克,1169752,片,13421142
38180019,直径＞15.24cm...,448235,千克,15276833,片,250992931
38180090,其他经掺杂用于电子工...,35068,千克,0,—,23382840
38190000,闸用液压油等液压传动...,1335116,千克,0,—,6160353
38200000,防冻剂及解冻剂,991093,千克,0,—,2777251
38210000,制成的微生物或植物、...,589857,千克,0,—,36673220
38221100,疟疾用附于衬背上的诊...,22,千克,0,—,10644
38221300,血型鉴定用附于衬背上...,26560,千克,0,—,5315293
38221900,其他附于衬背上的诊断...,1626309,千克,0,—,498565257
38229000,有证标准样品,76960,千克,0,—,27051472
38231100,硬脂酸,31038311,千克,0,—,35676743
38231200,油酸,6513696,千克,0,—,8296155
38231300,妥尔油脂肪酸,154000,千克,0,—,373126
38231900,其他工业用单羧脂肪酸...,196130304,千克,0,—,190000482
38237000,工业用脂肪醇,44967431,千克,0,—,76542799
38241000,铸模及铸芯用粘合剂,120214,千克,0,—,379668
38243000,自身或与金属粘合剂混...,36800,千克,0,—,1805843
38244010,高效减水剂,18693,千克,0,—,97348
38244090,其他水泥、灰泥及混凝...,786778,千克,0,—,1848040
38245000,非耐火的灰泥及混凝土,121147,千克,0,—,161619
38246000,编码2905.440...,528003,千克,0,—,409421
38248100,含环氧乙烷（氧化乙烯...,18455,千克,0,—,121685
38249100,主要由(5-乙基-2...,11843,千克,0,—,96733
38249200,甲基膦酸聚乙二醇酯,2,千克,0,—,1960
38249910,杂醇油,305437,千克,0,—,266946
38249920,除墨剂、蜡纸改正液及...,47705,千克,0,—,886937
38249930,增炭剂,16308,千克,0,—,22825
38249991,按重量计含滑石50%...,18580,千克,0,—,62309
38249992,按重量计含氧化镁70...,2830,千克,0,—,84652
38249993,表面包覆钴化物的氢氧...,3790,千克,0,—,65304
38249999,未列名化学工业及其相...,125934032,千克,0,—,551188639
38259000,其他品目未列名的化学...,18,千克,0,—,2287
38260000,生物柴油及其混合物，...,60529657,千克,70790010,升,76982380
38276300,不归入上述子目的其他...,6860,千克,0,—,23002
38276800,不归入上述子目的其他...,57600,千克,0,—,428400
39011000,初级形状的聚乙烯，比...,285401120,千克,0,—,369170437
39012000,初级形状的聚乙烯，比...,547491054,千克,0,—,578973271
39013000,初级形状的乙烯-乙酸...,117926172,千克,0,—,323535219
39014010,初级形状的乙烯-丙烯...,2517916,千克,0,—,4747890
39014020,初级形状的线型低密度...,380808099,千克,0,—,436606609
39014090,其他初级形状的乙烯-...,69057573,千克,0,—,227285203
39019010,其他初级形状的乙烯-...,3101771,千克,0,—,3214506
39019090,未列名初级形状的乙烯...,62241690,千克,0,—,84566150
39021000,初级形状的聚丙烯,324283717,千克,0,—,358417248
39022000,初级形状的聚异丁烯,5772154,千克,0,—,11489473
39023010,初级形状的乙烯-丙烯...,155388688,千克,0,—,187105427
39023090,其他初级形状的丙烯共...,9872411,千克,0,—,15091715
39029000,其他初级形状的烯烃聚...,16059943,千克,0,—,57350850
39031100,初级形状的可发性聚苯...,1191765,千克,0,—,3040279
39031910,改性的初级形状的聚苯...,29341185,千克,0,—,36221152
39031990,其他初级形状的聚苯乙...,53306152,千克,0,—,64442127
39032000,初级形状的苯乙烯-丙...,15020885,千克,0,—,23569976
39033010,改性初级形状的丙烯腈...,19213662,千克,0,—,35751011
39033090,其他初级形状的丙烯腈...,81471180,千克,0,—,129878338
39039000,其他初级形状的苯乙烯...,37578740,千克,0,—,74678947
39041010,初级形状的糊树脂,7685105,千克,0,—,11199719
39041090,其他初级形状的聚氯乙...,30434545,千克,0,—,31061414
39042100,初级形状的未塑化聚氯...,1140402,千克,0,—,1947463
39042200,初级形状的已塑化聚氯...,4164197,千克,0,—,9248083
39043000,初级形状的氯乙烯-乙...,1585497,千克,0,—,3961456
39044000,其他初级形状的氯乙烯...,323710,千克,0,—,1013355
39045000,初级形状的偏二氯乙烯...,454300,千克,0,—,2429729
39046100,初级形状的聚四氟乙烯,455959,千克,0,—,6599721
39046900,其他初级形状的氟聚合...,1532257,千克,0,—,43990091
39049000,其他初级形状的氯乙烯...,517796,千克,0,—,1626279
39051200,聚乙酸乙烯酯水分散体,216769,千克,0,—,447251
39051900,其他初级形状的聚乙酸...,59964,千克,0,—,135356
39052100,乙酸乙烯酯共聚物的水...,2887914,千克,0,—,4562528
39052900,其他初级形状的乙酸乙...,175596,千克,0,—,940296
39053000,初级形状的聚乙烯醇,1685922,千克,0,—,6049541
39059100,其他初级形状的乙烯酯...,1788321,千克,0,—,13231297
39059900,未列名初级形状乙烯酯...,5207913,千克,0,—,26253433
39061000,初级形状的聚甲基丙烯...,9505241,千克,0,—,20442624
39069010,初级形状的聚丙烯酰胺,702767,千克,0,—,2473278
39069020,初级形状的丙烯酸-丙...,36886,千克,0,—,78858
39069090,其他初级形状的丙烯酸...,56346201,千克,0,—,146023137
39071010,初级形状的聚甲醛,24699621,千克,0,—,61593301
39071090,其他初级形状的聚缩醛,1627652,千克,0,—,5164603
39072100,初级形状的双（聚氧乙...,2827,千克,0,—,14519
39072910,初级形状的聚四亚甲基...,1144025,千克,0,—,4190236
39072990,初级形状的其他聚醚,46566896,千克,0,—,109675203
39073000,初级形状的环氧树脂,14003530,千克,0,—,68145335
39074000,初级形状的聚碳酸酯,117354723,千克,0,—,307132227
39075000,初级形状的醇酸树脂,414094,千克,0,—,1492361
39076110,粘数≥78毫升/克的...,2998665,千克,0,—,5735163
39076190,其他初级形状的粘数≥...,655134,千克,0,—,861708
39076910,粘数＜78毫升/克的...,24421477,千克,0,—,25535585
39076990,其他初级形状的粘数＜...,638378,千克,0,—,1186189
39077000,初级形状的聚乳酸,1658534,千克,0,—,5174766
39079100,初级形状的不饱和聚酯,1334984,千克,0,—,6622932
39079910,其他初级形状的聚对苯...,11033802,千克,0,—,33366550
39079991,初级形状的聚对苯二甲...,81970,千克,0,—,213585
39079999,未列名初级形状的聚酯,19078612,千克,0,—,94571718
39081011,聚酰胺-6，6的切片,14199564,千克,0,—,59005914
39081012,聚酰胺-6的切片,13501284,千克,0,—,27065284
39081019,聚酰胺-11、-12...,2135257,千克,0,—,12056773
39081090,其他初级形状聚酰胺-...,774945,千克,0,—,5132477
39089010,初级形状的芳香族聚酰...,94258,千克,0,—,833394
39089020,初级形状的半芳香族聚...,3843673,千克,0,—,27656770
39089090,未列名初级形状的聚酰...,5811365,千克,0,—,36670244
39091000,初级形状的尿素树脂和...,440225,千克,0,—,1373767
39092000,初级形状的蜜胺树脂,875315,千克,0,—,3262009
39093100,初级形状的聚（亚甲基...,41237367,千克,0,—,71485956
39093900,其他初级形状的氨基树...,354844,千克,0,—,1424641
39094000,初级形状的酚醛树脂,5889285,千克,0,—,23026177
39095000,初级形状的聚氨基甲酸...,13652341,千克,0,—,78171578
39100000,初级形状的聚硅氧烷,7450912,千克,0,—,69677815
39111000,初级形状的石油树脂、...,3738033,千克,0,—,9811315
39119000,初级形状多硫化物、聚...,10596302,千克,0,—,61436465
39121100,初级形状的未塑化醋酸...,3400776,千克,0,—,13060257
39121200,初级形状的已塑化醋酸...,44706,千克,0,—,285379
39122000,初级形状的硝酸纤维素...,17449,千克,0,—,65200
39123100,初级形状的羧甲基纤维...,461865,千克,0,—,4279555
39123900,初级形状的纤维素醚,1219756,千克,0,—,13040539
39129000,未列名初级形状的纤维...,1491110,千克,0,—,7492601
39131000,初级形状的藻酸及其盐...,9817,千克,0,—,304211
39139000,其他初级形状的天然聚...,584332,千克,0,—,19129589
39140000,以品目3901至39...,1925972,千克,0,—,23215696
39161000,乙烯聚合物单丝（截面...,47097,千克,0,—,1958266
39162010,氯乙烯聚合物制异型材,50067,千克,0,—,264622
39162090,其他氯乙烯聚合物单丝...,41132,千克,0,—,252937
39169010,聚酰胺制的单丝（截面...,624502,千克,0,—,4837831
39169090,未列名塑料单丝（截面...,263218,千克,0,—,5622397
39171000,硬化蛋白或纤维素材料...,317730,千克,0,—,3617435
39172100,乙烯聚合物制硬管,241790,千克,0,—,1707482
39172200,丙烯聚合物制硬管,510437,千克,0,—,2809327
39172300,氯乙烯聚合物制硬管,369920,千克,0,—,2189254
39172900,其他塑料制硬管,515505,千克,0,—,11809094
39173100,塑料制的软管，最小爆...,380795,千克,0,—,12121040
39173200,塑料制的其他未装有附...,1131255,千克,0,—,30280933
39173300,塑料制的其他装有附件...,151219,千克,0,—,3097959
39173900,未列名塑料管,944386,千克,0,—,12833421
39174000,塑料制的管子附件,895336,千克,0,—,34319749
39181010,氯乙烯聚合物制糊墙品,19206,千克,0,—,205641
39181090,氯乙烯聚合物制铺地制...,960266,千克,0,—,2948030
39189010,其他塑料制糊墙品,787,千克,0,—,118132
39189090,其他塑料制铺地制品,168052,千克,0,—,2517651
39191010,宽≤20cm丙烯酸聚...,305795,千克,0,—,4903150
39191091,宽≤20cm的成卷胶...,18425,千克,0,—,355814
39191099,其他宽≤20cm成卷...,1039754,千克,0,—,36272675
39199010,胶囊型反光膜,5843,千克,0,—,86691
39199090,未列名塑料胶粘板、片...,7977496,千克,0,—,239654572
39201010,乙烯聚合物制电池隔膜,536493,千克,0,—,28480724
39201090,其他乙烯聚合物非泡沫...,8728272,千克,0,—,42802208
39202010,丙烯聚合物制电池隔膜,293449,千克,0,—,10853141
39202090,其他丙烯聚合物非泡沫...,5356952,千克,0,—,24993815
39203000,苯乙烯聚合物非泡沫塑...,1579661,千克,0,—,9593683
39204300,增塑剂≥6％氯乙烯聚...,1042724,千克,0,—,4899621
39204900,其他氯乙烯聚合物制非...,1517214,千克,0,—,9001841
39205100,聚甲基丙烯酸甲酯非泡...,4821394,千克,0,—,15752740
39205900,其他丙烯酸聚合物非泡...,196111,千克,0,—,3711802
39206100,聚碳酸酯非泡沫塑料板...,840670,千克,0,—,13018841
39206200,聚对苯二甲酸乙二酯非...,17408349,千克,0,—,141730393
39206300,不饱和聚酯非泡沫塑料...,13613,千克,0,—,179163
39206900,其他聚酯非泡沫塑料的...,303900,千克,0,—,7660297
39207100,再生纤维素非泡沫塑料...,35938,千克,0,—,1234795
39207300,醋酸纤维素非泡沫塑料...,1829223,千克,0,—,39772993
39207900,其他纤维素衍生物非泡...,26431,千克,0,—,4948747
39209100,聚乙烯醇缩丁醛非泡沫...,2215531,千克,0,—,13122791
39209200,聚酰胺制非泡沫塑料的...,629735,千克,0,—,6045635
39209300,氨基树脂非泡沫塑料板...,54938,千克,0,—,403908
39209400,酚醛树脂非泡沫塑料板...,78632,千克,0,—,397554
39209910,聚四氟乙烯制非泡沫板...,99033,千克,0,—,7039571
39209990,未列名非泡沫塑料板、...,4309498,千克,0,—,146128806
39211100,苯乙烯聚合物泡沫塑料...,22018,千克,0,—,418741
39211210,氯乙烯聚合物泡沫人造...,548312,千克,644583,米,5081372
39211290,其他氯乙烯聚合物泡沫...,382834,千克,0,—,3481356
39211310,氨酯聚合物泡沫人造革...,438466,千克,781444,米,8079045
39211390,其他氨酯聚合物泡沫塑...,863199,千克,0,—,15611256
39211400,再生纤维素泡沫塑料板...,61834,千克,0,—,264872
39211910,其他泡沫塑料人造革及...,169287,千克,246477,米,1927390
39211990,未列名泡沫塑料板、片...,1642074,千克,0,—,35834868
39219020,嵌有玻璃纤维的聚乙烯...,20987,千克,0,—,1050101
39219030,附有人造毛毡的聚异丁...,19,千克,0,—,72
39219090,未列名塑料板、片、膜...,4229441,千克,0,—,53876248
39221000,塑料浴缸、淋浴盘、洗...,137262,千克,0,—,1177287
39222000,塑料马桶座圈及盖,32712,千克,0,—,529429
39229000,塑料坐浴盆、便盆、抽...,140090,千克,0,—,2114670
39231000,供运输或包装货物用的...,6035640,千克,0,—,35275673
39232100,供运输或包装货物用的...,1173292,千克,0,—,8654106
39232900,供运输或包装货物用的...,265614,千克,0,—,7393648
39233000,供运输或包装货物用的...,394547,千克,0,—,4409996
39234000,塑料卷轴、纡子、筒管...,702171,千克,0,—,6371274
39235000,塑料塞子、盖子及类似...,878945,千克,0,—,14640473
39239000,供运输或包装货物用的...,5542867,千克,0,—,23337202
39241000,塑料制餐具及厨房用具,582692,千克,0,—,7365968
39249000,塑料制其他家庭用具及...,2470835,千克,0,—,9164267
39251000,塑料制囤、柜、罐、桶...,7990,千克,0,—,56036
39252000,塑料制门、窗及其框架...,22223,千克,0,—,359982
39253000,塑料制窗板、百叶窗或...,39555,千克,0,—,759621
39259000,未列名的建筑用塑料制...,106645,千克,0,—,1482202
39261000,塑料制办公室或学校用...,89118,千克,0,—,977362
39262011,聚氯乙烯制手套（分指...,20260,千克,875850,双,376032
39262019,其他塑料制手套（分指...,16063,千克,356581,双,375005
39262090,其他塑料制衣服及衣着...,35316,千克,0,—,3120079
39263000,塑料制家具、车厢或类...,205677,千克,0,—,6190811
39264000,塑料制小雕塑品及其他...,73604,千克,0,—,1623036
39269010,塑料制机器及仪器用零...,1724742,千克,0,—,116943811
39269090,未列名塑料制品,8355859,千克,0,—,205349652
40011000,天然橡胶乳，不论是否...,65157562,千克,0,—,72872251
40012100,烟胶片,16774234,千克,0,—,28308655
40012200,技术分类天然橡胶（T...,109698455,千克,0,—,174494854
40012900,其他形状的天然橡胶,61704684,千克,0,—,83564996
40021110,羧基丁苯橡胶胶乳,1551480,千克,0,—,4025378
40021190,丁苯橡胶胶乳,5764224,千克,0,—,18925689
40021911,未经任何加工的非溶聚...,3168415,千克,0,—,5045160
40021912,充油非溶聚丁苯橡胶,1940772,千克,0,—,2992283
40021913,初级形状热塑丁苯橡胶,1482591,千克,0,—,3910436
40021914,初级形状充油热塑丁苯...,109845,千克,0,—,482901
40021915,未经任何加工的溶聚丁...,567107,千克,0,—,1474657
40021916,充油溶聚丁苯橡胶,872749,千克,0,—,2211875
40021919,其他初级形状丁苯橡胶...,579418,千克,0,—,2390736
40021990,未列名丁苯橡胶及羧基...,14772541,千克,0,—,39397579
40022010,初级形状的丁二烯橡胶,3329668,千克,0,—,7350549
40022090,其他丁二烯橡胶,13405889,千克,0,—,25324567
40023110,初级形状的异丁烯-异...,402799,千克,0,—,806249
40023190,其他异丁烯-异戊二烯...,9239323,千克,0,—,17116229
40023910,初级形状的卤代丁基橡...,213872,千克,0,—,552631
40023990,其他卤代丁基橡胶,19633985,千克,0,—,49265836
40024100,氯丁二烯（氯丁）橡胶...,498668,千克,0,—,1127037
40024910,其他初级形状的氯丁二...,842390,千克,0,—,5164255
40024990,未列名氯丁二烯（氯丁...,93979,千克,0,—,692700
40025100,丁腈橡胶胶乳,5299530,千克,0,—,5555568
40025910,其他初级形状的丁腈橡...,3140294,千克,0,—,9352024
40025990,未列名丁腈橡胶,4228368,千克,0,—,10782508
40026010,初级形状的异戊二烯橡...,781842,千克,0,—,1411033
40026090,其他异戊二烯橡胶,3164113,千克,0,—,8695373
40027010,初级形状的乙丙非共轭...,3456453,千克,0,—,8917680
40027090,其他乙丙非共轭二烯橡...,6150079,千克,0,—,17379388
40028000,4001所列产品与本...,288421458,千克,0,—,469900402
40029100,未列名合成橡胶胶乳,420791,千克,0,—,2357366
40029911,未列名初级形状的合成...,3936807,千克,0,—,15868141
40029919,未列名非初级形状的合...,424777,千克,0,—,5613514
40029990,从油类提取的油膏,47680,千克,0,—,314909
40030000,再生橡胶，初级形状或...,10539344,千克,0,—,6998200
40051000,与碳黑或硅石混合未硫...,4647906,千克,0,—,21805120
40052000,未硫化的复合橡胶溶液...,94521,千克,0,—,1804553
40059100,其他未硫化的复合橡胶...,653358,千克,0,—,3629641
40059900,其他未硫化的初级形状...,331867,千克,0,—,2551376
40061000,轮胎翻新用胎面补料胎...,12827,千克,0,—,71486
40069010,其他形状（例如，杆、...,30667,千克,0,—,98834
40069020,未硫化橡胶制品,54917,千克,0,—,816271
40070000,硫化橡胶线及绳,6749679,千克,0,—,19772587
40081100,硫化海绵橡胶制板、片...,406041,千克,0,—,4689813
40081900,硫化海绵橡胶制杆、型...,14960,千克,0,—,475918
40082100,硫化非海绵橡胶制板、...,1225283,千克,0,—,10131677
40082900,硫化非海绵橡胶制杆、...,40477,千克,0,—,812175
40091100,未经加强或未与其他材...,269276,千克,0,—,7667983
40091200,未经加强或未与其他材...,73931,千克,0,—,3012441
40092100,用金属加强或只与金属...,827100,千克,0,—,5114362
40092200,用金属加强或只与金属...,100860,千克,0,—,4145533
40093100,用纺材加强或只与纺材...,687814,千克,0,—,10552482
40093200,用纺材加强或只与纺材...,336941,千克,0,—,8998779
40094100,用其他材料加强或与其...,214409,千克,0,—,3197163
40094200,用其他材料加强或与其...,73775,千克,0,—,2123889
40101100,仅用金属加强的硫化橡...,231975,千克,0,—,442519
40101200,仅用纺织材料加强的硫...,69446,千克,0,—,657158
40101900,其他硫化橡胶制输送带...,16482,千克,0,—,708617
40103100,梯形截面V肋环形传动...,57512,千克,0,—,2169919
40103200,其他梯形截面环形传动...,62170,千克,0,—,968950
40103300,梯形截面V肋环形传动...,16735,千克,0,—,519047
40103400,其他梯形截面环形传动...,40438,千克,0,—,398168
40103500,环形同步带，60cm...,24602,千克,0,—,2311268
40103600,环形同步带，150c...,4351,千克,0,—,319895
40103900,其他硫化橡胶制传动带...,327885,千克,0,—,11072754
40111000,机动小客车用新的充气...,6165657,千克,467940,条,39561889
40112000,客车或货运机动车辆用...,933701,千克,20450,条,4249418
40113000,航空器用新的充气橡胶...,123665,千克,2252,条,1900812
40114000,摩托车用新的充气橡胶...,396085,千克,86326,条,2306301
40115000,自行车用新的充气橡胶...,192597,千克,292139,条,2501781
40117010,农业或林业车辆及机器...,70035,千克,302,条,360459
40117090,农业或林业车辆及机器...,260,千克,41,条,2444
40118011,建筑业、采矿业或工业...,38414,千克,592,条,186253
40118012,建筑业、采矿业或工业...,155092,千克,630,条,870493
40118091,建筑业、采矿业或工业...,86157,千克,2151,条,342348
40118092,建筑业、采矿业或工业...,1963251,千克,2138,条,14024252
40119010,其他新的人字形胎面或...,927,千克,59167,条,6859
40119090,未列名新的充气橡胶轮...,296594,千克,1463695,条,1497416
40121300,航空器用翻新的充气橡...,294540,千克,3881,条,2995474
40122010,汽车用旧的充气轮胎,10,千克,1,条,345
40129010,航空器用实心或半实心...,108,千克,0,—,5716
40129020,汽车用实心或半实心橡...,15460,千克,0,—,39837
40129090,其他实心或半实心橡胶...,453333,千克,0,—,1248689
40131000,机动小客车、客运机动...,23198,千克,4988,条,66125
40132000,自行车用橡胶内胎,18406,千克,99874,条,190371
40139010,航空器用橡胶内胎,40,千克,61,条,5665
40139090,未列名橡胶内胎,1718,千克,3944,条,14067
40141000,硫化橡胶制避孕套,394208,千克,0,—,10792859
40149000,硫化橡胶制其他卫生及...,11445,千克,0,—,488408
40151200,硫化橡胶制医疗、外科...,780086,千克,63452400,双,4460940
40151900,硫化橡胶制其他分指、...,4829569,千克,399379956,双,22112983
40159010,硫化橡胶制医疗、外科...,6425,千克,0,—,316107
40159090,硫化橡胶制其他衣着用...,9786,千克,0,—,375787
40161010,硫化海绵橡胶制机器及...,32645,千克,0,—,1440123
40161090,其他硫化海绵橡胶制品,72382,千克,0,—,2127227
40169100,硫化橡胶制铺地用品及...,377184,千克,0,—,1323847
40169200,硫化橡胶制橡皮擦,8524,千克,0,—,129825
40169310,硫化橡胶制机器及仪器...,710750,千克,0,—,70428306
40169390,硫化橡胶制非机器及仪...,1123580,千克,0,—,39810321
40169400,硫化橡胶制船舶或码头...,235,千克,0,—,2495
40169500,硫化橡胶制其他可充气...,166576,千克,0,—,3718341
40169910,其他硫化橡胶制机器及...,654741,千克,0,—,24828875
40169990,未列名硫化橡胶制品,4232397,千克,0,—,39922236
40170010,各种形状的硬质橡胶，...,3970,千克,0,—,148712
40170020,硬质橡胶制品,22535,千克,0,—,801131
41012019,其他未剖层的整张牛皮...,461820,千克,51577,张,1149822
41012020,未剖层的整张马科动物...,810703,千克,149711,张,5854907
41015019,其他重量＞16kg的...,72842273,千克,2436541,张,73471330
41015020,重量＞16kg的整张...,30347,千克,1490,张,38631
41019019,其他牛皮,489063,千克,0,—,224168
41021000,带毛的绵羊或羔羊生皮,24456796,千克,4267190,张,18419898
41033000,猪皮,17445,千克,1600,张,7864
41039090,其他生皮,254550,千克,58560,张,479769
41041111,全粒面未剖层及粒面剖...,15342317,千克,0,—,33975495
41041119,其他全粒面未剖层及粒...,29,千克,0,—,1746
41041911,其他蓝湿牛皮,19967038,千克,0,—,13266987
41041919,其他牛湿革,218440,千克,0,—,110780
41044100,全粒面未剖层及粒面剖...,2128755,千克,0,—,27731837
41044990,其他牛、马科动物干革...,16797,千克,0,—,67936
41051010,蓝湿绵羊或羔羊皮,882339,千克,0,—,654854
41053000,绵羊或羔羊干革（坯革...,3935,千克,0,—,91049
41062100,山羊或小山羊湿革（包...,306783,千克,0,—,295123
41062200,山羊或小山羊干革（坯...,15194,千克,0,—,203031
41063110,蓝湿猪皮,1979066,千克,0,—,4336735
41064000,经鞣制的不带毛爬行动...,1993,千克,0,—,301768
41069100,其他动物湿革（包括蓝...,119782,千克,0,—,376180
41069200,其他动物干革（坯革）,183,千克,0,—,20060
41071110,整张全粒面未剖层牛皮...,29212,千克,14515,张,1021936
41071210,整张粒面剖层牛皮革,1009847,千克,281884,张,18358253
41071990,其他整张牛、马科动物...,146657,千克,128773,张,1021728
41079100,全粒面未剖层革（整张...,227601,千克,0,—,2508470
41079200,粒面剖层革（整张革除...,1342211,千克,0,—,26737085
41079990,未列名牛、马科动物皮...,355901,千克,0,—,6514583
41120000,鞣制或半硝后加工的不...,67550,千克,0,—,1913213
41131000,经鞣制或半硝处理后加...,78085,千克,0,—,2610163
41132000,经鞣制或半硝处理后加...,122641,千克,0,—,797943
41133000,经鞣制或半硝处理后加...,19072,千克,0,—,1189550
41139000,经鞣制或半硝处理后加...,33025,千克,0,—,631760
41141000,油鞣皮革（包括结合鞣...,80512,千克,0,—,671207
41142000,漆皮及层压漆皮；镀金...,78933,千克,0,—,2235403
41151000,以皮革或皮革纤维为基...,142006,千克,0,—,1723032
42010000,各种材料制成的鞍具及...,13541,千克,0,—,724747
42021110,以皮革或再生皮革作面...,211,千克,25,个,106131
42021190,以皮革或再生皮革作面...,23363,千克,24933,个,6075862
42021210,以塑料或纺织材料作面...,3577,千克,524,个,1618150
42021290,以塑料或纺织材料作面...,254307,千克,321272,个,11511123
42021900,以其他材料作面的衣箱...,27808,千克,110484,个,2396378
42022100,以皮革或再生皮革作面...,297018,千克,428012,个,190554092
42022200,以塑料片或纺织材料作...,390661,千克,871779,个,132109625
42022900,以其他材料作面的手提...,309,千克,413,个,87360
42023100,以皮革或再生皮革作面...,16125,千克,108650,个,11151958
42023200,以塑料片或纺织材料作...,76826,千克,1209004,个,7032582
42023900,以其他材料作面通常置...,1692,千克,23893,个,86714
42029100,以皮革或再生皮革作面...,34083,千克,63888,个,11114493
42029200,以塑料片或纺织材料作...,780108,千克,3265791,个,34409416
42029900,以其他材料作面的其他...,97456,千克,383126,个,1441145
42031000,皮革或再生皮革制的衣...,44224,千克,30682,件,10300662
42032100,皮革或再生皮革制专供...,6782,千克,26270,双,649898
42032910,皮革或再生皮革制的劳...,27445,千克,176224,双,174660
42032990,皮革或再生皮革制的未...,3669,千克,25998,双,419421
42033010,皮革或再生皮革制的腰...,43547,千克,0,—,20859469
42034000,皮革或再生皮革制的其...,3113,千克,0,—,258267
42050010,皮革或再生皮革的坐具...,78307,千克,0,—,6567953
42050020,机器、机械器具或其他...,740,千克,0,—,90534
42050090,皮革或再生皮革的其他...,27363,千克,0,—,3692023
42060000,肠线（蚕胶丝除外）、...,23,千克,0,—,7758
43016000,整张狐皮,139247,千克,139164,张,8902068
43018010,整张兔皮,823099,千克,3588200,张,348612
43021100,未缝制的整张水貂皮,132813,千克,1073458,张,32886682
43021910,未缝制整张灰鼠、白鼬...,5553,千克,12730,张,727365
43021930,未缝制的整张下列羔羊...,879,千克,5334,张,43547
43021990,未列名未缝制的整张毛...,29066,千克,82166,张,1280364
43022000,未缝制的头、尾、爪及...,26963,千克,0,—,48275
43023090,其他已缝制的整张毛皮...,84,千克,0,—,3120
43031010,毛皮衣服,9950,千克,11763,件,5373957
43031020,毛皮衣着附件,9797,千克,0,—,185935
43039000,其他毛皮制品,34891,千克,0,—,1149819
43040010,人造毛皮,3786,千克,0,—,73227
43040020,人造毛皮制品,2443,千克,0,—,659363
44011200,非针叶木薪柴（圆木段...,91594,千克,0,—,161420
44012100,针叶木的木片或木粒,101821405,千克,0,—,29348350
44012200,非针叶木的木片或木粒,1641831429,千克,0,—,383644068
44014100,未粘结的锯末,106500,千克,0,—,4316
44021000,竹炭，不论是否结块,0,千克,0,—,3
44022000,果壳炭或果核炭，不论...,7767052,千克,0,—,4042861
44029000,其他木炭，不论是否结...,34644309,千克,0,—,8755621
44031100,用油漆、着色剂、杂酚...,3926102,千克,4713,立方米,953096
44032110,红松和樟子松原木，最...,66430983,千克,81772,立方米,12803544
44032120,辐射松原木，最小截面...,1120753601,千克,1384364,立方米,204751485
44032190,其他松木（松属）原木...,16326929,千克,15018,立方米,2152174
44032210,红松和樟子松原木，最...,24051,千克,29,立方米,3579
44032220,辐射松原木，最小截面...,11638773,千克,14348,立方米,1928927
44032290,其他松木（松属）原木...,1686291,千克,1343,立方米,185408
44032300,冷杉和云杉原木，最小...,448086594,千克,649597,立方米,109325201
44032400,冷杉和云杉原木，最小...,7487356,千克,10796,立方米,1655152
44032510,落叶松原木，最小截面...,2931204,千克,3890,立方米,672794
44032520,花旗松原木，最小截面...,56149585,千克,75038,立方米,14616364
44032590,其他针叶木原木，最小...,142408656,千克,181703,立方米,36605130
44032610,落叶松原木，最小截面...,52965,千克,68,立方米,10151
44032620,花旗松原木，最小截面...,1861573,千克,2405,立方米,414646
44032690,其他针叶木原木，最小...,20566226,千克,24551,立方米,3715007
44034200,柚木原木,1969599,千克,1888,立方米,1060490
44034920,奥克曼木Okoume...,17411032,千克,28791,立方米,8135171
44034950,印加木Intsia ...,13434654,千克,13306,立方米,6374375
44034970,异翅香木原木,437055,千克,438,立方米,85589
44034980,热带红木原木,13904248,千克,12042,立方米,11817641
44034990,其他热带木原木,289159773,千克,311963,立方米,84349589
44039100,栎木（橡木）原木,128120986,千克,120827,立方米,55238784
44039300,水青冈木（山毛榉木）...,23791864,千克,21156,立方米,4367119
44039500,桦木原木，最小截面尺...,86531443,千克,82350,立方米,12496333
44039600,桦木原木，最小截面尺...,805682,千克,788,立方米,180651
44039700,杨木原木,27056556,千克,29609,立方米,3239678
44039800,桉木原木,67722455,千克,70299,立方米,9460065
44039930,红木原木，但编码44...,2734693,千克,2344,立方米,2861387
44039960,北美硬阔叶木原木,56117789,千克,58163,立方米,37639948
44039980,其他温带非针叶木原木,1655491,千克,1723,立方米,366380
44039990,未列名非针叶木原木,63853423,千克,72052,立方米,13798142
44042000,非针叶木的箍木、木劈...,2782530,千克,0,—,586665
44050000,木丝；木粉,1224,千克,0,—,2267
44071110,红松和樟子松木材，经...,344373441,千克,600671,立方米,138587718
44071120,辐射松木材，经纵锯、...,11061980,千克,22042,立方米,6398555
44071190,其他松木（松属）木材...,29847970,千克,54297,立方米,11770522
44071200,冷杉及云杉木材，经纵...,347787058,千克,650499,立方米,153335468
44071300,云杉-松木-冷杉木材...,18788065,千克,40409,立方米,8244453
44071400,铁杉-冷杉木材，经纵...,25857744,千克,33152,立方米,7778820
44071910,花旗松木材，经纵锯、...,4391422,千克,8290,立方米,1586028
44071990,其他针叶木木材，经纵...,131090994,千克,169002,立方米,37771179
44072200,苏里南肉豆蔻木、细孔...,978632,千克,6225,立方米,2476699
44072300,柚木木材，经纵锯、纵...,2073560,千克,2196,立方米,1550059
44072500,深红色红柳桉木、浅红...,241262,千克,337,立方米,148309
44072600,纵锯切刨或旋切的白黄...,233869,千克,382,立方米,124994
44072700,纵锯切刨或旋切的沙比...,4496174,千克,4742,立方米,2846023
44072920,纵锯切刨或旋切非洲桃...,165448,千克,258,立方米,123179
44072930,波罗格木木材，经纵锯...,5850846,千克,5078,立方米,4670125
44072940,热带红木木材，经纵锯...,3583692,千克,3131,立方米,3299218
44072990,未列名热带木木材，经...,373933240,千克,494032,立方米,132277895
44079100,栎木(橡木)木材，经...,38138495,千克,49288,立方米,34777460
44079200,水青冈木（山毛榉木）...,39113487,千克,48095,立方米,23449165
44079300,槭木（枫木）木材，经...,3314566,千克,4313,立方米,3525380
44079400,樱桃木木材，经纵锯、...,7103056,千克,10997,立方米,9040764
44079500,白蜡木木材，经纵锯、...,14638760,千克,20110,立方米,11717019
44079600,桦木木材，经纵锯、纵...,47086986,千克,73783,立方米,15520793
44079700,杨木木材，经纵锯、纵...,3986914,千克,6511,立方米,1368776
44079910,"红木木材,但编码44...",3288482,千克,3016,立方米,4132521
44079930,经纵锯切、刨或旋切的...,8356517,千克,13551,立方米,15621088
44079980,纵锯切刨或旋切其他温...,11921743,千克,15393,立方米,4996945
44079990,未列名纵锯切、刨或旋...,3120369,千克,3795,立方米,1942046
44081019,其他针叶木饰面用单板...,1873345,千克,0,—,977330
44081020,针叶木制胶合板用单板...,11395965,千克,0,—,4008056
44081090,其他针叶木木材，经纵...,8247,千克,0,—,76421
44083111,用胶合板等制饰面单板...,17,千克,0,—,40
44083119,其他饰面用单板，红柳...,108680,千克,0,—,51790
44083120,制胶合板用单板，红柳...,4994194,千克,0,—,438394
44083911,用胶合板等多层板制的...,2288,千克,0,—,20507
44083919,其他饰面用单板，其他...,11027916,千克,0,—,4861667
44083920,制胶合板用单板，其他...,83435675,千克,0,—,10504038
44083990,其他经纵锯、刨切或旋...,3323100,千克,0,—,493405
44089011,用胶合板等多层板制的...,523,千克,0,—,1865
44089012,温带非针叶木制饰面用...,2186774,千克,0,—,2961652
44089013,竹制饰面用单板，厚≤...,210,千克,0,—,15187
44089019,其他木制饰面用单板，...,1109242,千克,0,—,2197231
44089021,温带非针叶木制胶合板...,20848994,千克,0,—,7702703
44089029,其他木制胶合板用单板...,17537276,千克,0,—,1579188
44089091,温带非针叶木制经纵刨...,936683,千克,0,—,671912
44089099,未列名木制经纵锯、刨...,3370,千克,0,—,136948
44091010,任一边、端或面制成连...,280,千克,0,—,2440
44091090,其他任一边、端或面制...,777640,千克,0,—,360264
44092110,任何一边、端或面制成...,3,千克,0,—,237
44092190,其他任何一边、端或面...,1,千克,0,—,55
44092210,热带木制的地板条(块...,3379898,千克,0,—,7016904
44092290,热带木制的任何一边、...,6801656,千克,0,—,7294908
44092910,其他任一边、端或面成...,179582,千克,0,—,546082
44092990,其他任一边、端或面成...,324387,千克,0,—,174772
44101100,木制碎料板,30493431,千克,0,—,14960805
44101200,木制定向刨花板（OS...,11454305,千克,0,—,6276539
44101900,其他木制类似板（例如...,6459567,千克,0,—,4826765
44111211,未机械加工中密度板，...,169188,千克,0,—,101807
44111219,经机械加工中密度板，...,6621,千克,0,—,11927
44111229,其他中密度板0.5g...,5863,千克,0,—,26211
44111299,加工中密度板，密度≤...,0,千克,0,—,32
44111311,未加工中密度板，密度...,0,千克,0,—,113
44111319,加工中密度板，密度＞...,1630164,千克,0,—,2066361
44111321,辐射松制的中密度板，...,23880,千克,0,—,14244
44111329,其他中密度板0.5g...,16880,千克,0,—,16635
44111399,加工中密度板，密度≤...,40,千克,0,—,500
44111419,加工中密度板，密度＞...,411225,千克,0,—,610317
44111421,辐射松制的中密度板，...,6269,千克,0,—,7848
44111429,其他中密度板0.5g...,785318,千克,0,—,1196681
44111499,未加工中密度板，密度...,87569,千克,0,—,92326
44119210,未加工木纤维板，密度...,37,千克,0,—,321
44119290,加工木纤维板，密度＞...,2357786,千克,0,—,1777907
44119310,辐射松制的纤板，0....,25408,千克,0,—,11977
44119390,木纤板，0.5g/c...,116,千克,0,—,1191
44119410,木纤板，0.35g/...,66,千克,0,—,14297
44119421,未加工木纤板，密度≤...,14130,千克,0,—,15233
44119429,加工木纤板，密度≤0...,12400,千克,0,—,19261
44121019,其他仅由薄板制的竹胶...,1,千克,0,立方米,78
44121099,其他竹制胶合板、单板...,1,千克,0,立方米,38
44123100,仅由薄木板制的其他胶...,1288246,千克,2745,立方米,1219275
44123300,仅由薄木板制的其他胶...,5356949,千克,7902,立方米,6489153
44123410,仅由薄木板制的其他胶...,94597,千克,146,立方米,205362
44123490,仅由薄木板制的其他胶...,40869,千克,66,立方米,229172
44123900,仅由薄木板制的其他胶...,1909899,千克,2913,立方米,1501855
44124100,单板层积材（LVL）...,1020,千克,1,立方米,858
44124990,未列名单板层积材（L...,440340,千克,682,立方米,481046
44125100,木块芯胶合板、侧板条...,274114,千克,616,立方米,499680
44125200,其他木块芯胶合板、侧...,272731,千克,511,立方米,1210020
44129100,其他胶合板、单板饰面...,28673,千克,38,立方米,122800
44129200,其他胶合板、单板饰面...,504073,千克,876,立方米,2033305
44129920,其他胶合板、单板饰面...,3852,千克,10,立方米,3369
44129990,未列名胶合板、单板饰...,124163,千克,190,立方米,175717
44130000,强化木，成块、板、条...,106230,千克,0,—,635836
44141000,热带木制的画框、相框...,125,千克,0,—,1396
44149090,其他木制的画框、相框...,12033,千克,0,—,114582
44151000,木制箱、盒、桶及类似...,244750,千克,35376,件,733329
44152090,木托板、箱形托盘及其...,1103777,千克,80770,件,721396
44160090,木制大桶、琵琶桶、盆...,699585,千克,0,—,2620241
44170090,木制工具等；扫帚及刷...,55085,千克,0,—,188843
44181910,辐射松制的窗、法兰西...,25,千克,0,—,130
44181990,其他木制窗、法兰西式...,19058,千克,0,—,136161
44182900,非热带木制门及其框架...,31716,千克,0,—,291226
44183000,"木制柱及梁,子目44...",1438,千克,0,—,4257
44187400,其他马赛克地板用已装...,14737,千克,0,—,49782
44187500,其他多层已装拼的木地...,754603,千克,0,—,3958267
44187900,其他已装拼木地板,22965,千克,0,—,95961
44188100,木制集成材,127637,千克,0,—,88754
44188200,正交胶合木,378,千克,0,—,440
44189900,未列名建筑用木工制品,321722,千克,0,—,487064
44191100,竹制切面包板、 砧板...,7501,千克,0,—,21380
44191210,竹制一次性筷子,0,千克,0,—,25
44191290,其他竹制筷子,518,千克,0,—,15700
44191900,其他竹制餐具及厨房用...,6204,千克,0,—,50699
44192000,热带木制餐具及厨房用...,329867,千克,0,—,222055
44199010,其他木制一次性筷子,1708661,千克,0,—,824016
44199090,未列名木制餐具及厨房...,1225719,千克,0,—,1346639
44201110,热带木制木刻,1704,千克,0,—,57260
44201190,其他热带木制小雕像及...,6149,千克,0,—,26160
44201911,其他木刻,24533,千克,0,—,41873
44201920,其他木扇,577,千克,0,—,13064
44201990,其他木制小雕像及装饰...,75968,千克,0,—,816612
44209090,珠宝或刀具木盒及类似...,81174,千克,0,—,1677888
44211000,木制衣架,3715,千克,0,—,235002
44212000,木制棺材,16245,千克,0,—,12391
44219110,竹制圆签、圆棒、冰果...,5,千克,0,—,169
44219190,未列名竹制品,304,千克,0,—,29641
44219910,其他木制圆签、圆棒、...,2700740,千克,0,—,1630222
44219990,未列名木制品,24571991,千克,0,—,28723949
45011000,未加工或简单加工的天...,146855,千克,0,—,579025
45019020,碎的、粒状的或粉状的...,12649,千克,0,—,18250
45020000,除去表皮或成方块、板...,4232,千克,0,—,30785
45031000,天然软木塞子,24736,千克,0,—,590422
45039000,其他天然软木制品,13805,千克,0,—,88083
45041000,压制软木块、板、片及...,278210,千克,0,—,2162564
45049000,其他压制软木及其制品,2353,千克,0,—,22502
46012100,竹制的席子、席料及帘...,6,千克,3,张,99
46012200,藤制的席子、席料及帘...,1755,千克,12401,张,31083
46012911,灯心草属材料制的席子...,2960,千克,170,张,31221
46012919,其他草制的席子、席料...,14612,千克,1281,张,37162
46012990,其他植物材料制的席子...,6515,千克,19350,张,16697
46019290,竹制其他平行连结或编...,23,千克,0,—,474
46019310,藤制的缏条及类似产品...,50800,千克,0,—,6120
46019390,藤制其他平行连结或编...,1113,千克,0,—,1648
46019491,未列名植物编结材料编...,113836,千克,0,—,77992
46019499,未列名植物编结材料制...,15234,千克,0,—,9630
46019910,非植物编结材料编成的...,4768,千克,0,—,23846
46019990,非植物编结材料制其他...,22411,千克,0,—,289095
46021100,竹制篮筐及其他编结品,22757,千克,0,—,63280
46021200,藤制篮筐及其他编结品,18704,千克,0,—,50343
46021910,草制篮筐及其他编结品,12365,千克,0,—,309642
46021930,柳条制篮筐及其他编结...,160,千克,0,—,265836
46021990,其他植物材料制篮筐等...,10213,千克,0,—,71388
46029000,非植物编结材料制篮筐...,22488,千克,0,—,92194
47010000,机械木浆,608620,千克,0,—,447614
47020000,化学木浆、溶解级,259679405,千克,0,—,310589865
47031100,未漂白的针叶木烧碱木...,122745388,千克,0,—,104127261
47031900,未漂白的非针叶木烧碱...,500600,千克,0,—,428557
47032100,半漂白或漂白的针叶木...,576131776,千克,0,—,565819651
47032900,半漂白或漂白非针叶木...,1201888962,千克,0,—,968182623
47041100,未漂白的针叶木亚硫酸...,609006,千克,0,—,306639
47041900,未漂白的非针叶木亚硫...,1,千克,0,—,125
47042100,半漂白或漂白的针叶木...,703745,千克,0,—,459545
47042900,半漂白或漂白的非针叶...,240405,千克,0,—,452824
47050000,用机械与化学联合制浆...,120486338,千克,0,—,84073639
47061000,棉短绒纸浆,1250468,千克,0,—,1909729
47062000,从回收（废碎）纸或纸...,214155228,千克,0,—,92586065
47069100,其他纤维状纤维素机械...,19208,千克,0,—,41607
47069200,其他纤维状纤维素化学...,1538254,千克,0,—,3883053
47069300,其他用机械和化学联合...,60,千克,0,—,441
47071000,回收（废碎）的未漂白...,45693375,千克,0,—,9905805
47072000,回收（废碎）漂白化学...,6018740,千克,0,—,1393622
47073000,回收（废碎）的主要由...,5298320,千克,0,—,1171295
48010010,成卷的新闻纸,45928747,千克,0,—,29302846
48010090,成张的新闻纸,8392,千克,0,—,3983
48021010,宣纸,3800,千克,0,—,15434
48021090,其他手工制纸及纸板,1399,千克,0,—,4471
48022010,照相原纸,44754,千克,0,—,13489
48022090,其他光敏热敏电敏纸及...,626750,千克,0,—,510655
48025400,其他未涂书写印刷纸，...,173683,千克,0,—,226738
48025500,其他未涂书写印刷纸，...,20552023,千克,0,—,17930342
48025600,其他未涂书写印刷纸，...,201345,千克,0,—,339780
48025700,其他未涂书写印刷纸，...,1123953,千克,0,—,1522604
48025800,其他未涂书写印刷纸，...,5571192,千克,0,—,5901936
48026100,其他未涂书写印刷纸，...,2482397,千克,0,—,4159294
48026200,其他未涂书写印刷纸，...,4128625,千克,0,—,4743445
48026900,其他未涂书写印刷纸，...,228530,千克,0,—,685933
48030000,成卷成张的家庭或卫生...,1246017,千克,0,—,1833690
48041100,未漂白牛皮挂面板纸,73637142,千克,0,—,51504062
48041900,其他牛皮挂面板纸,1425234,千克,0,—,953632
48042100,未漂白袋用牛皮纸,24526461,千克,0,—,17776792
48042900,其他袋用牛皮纸,3620420,千克,0,—,6939739
48043100,其他未涂布未漂白牛皮...,8832044,千克,0,—,7605653
48043900,其他未涂布牛皮纸，平...,4616289,千克,0,—,5260404
48044100,其他未涂未漂白牛皮纸...,5302923,千克,0,—,4349107
48044200,未涂布本体漂白牛皮纸...,104690,千克,0,—,162971
48044900,其他未涂布的牛皮纸，...,1369265,千克,0,—,1253415
48045100,其他未涂布未漂白牛皮...,1461591,千克,0,—,2587461
48045200,未涂布的本体漂白牛皮...,24370,千克,0,—,11867
48045900,其他未涂布的牛皮纸，...,149483,千克,0,—,117267
48051100,半化学瓦楞原纸,5158093,千克,0,—,3062218
48051900,其他瓦楞原纸,223029276,千克,0,—,103233166
48052400,强韧箱纸板（再生挂面...,86974481,千克,0,—,44444803
48052500,强韧箱纸板（再生挂面...,103102552,千克,0,—,57143503
48053000,亚硫酸盐包装纸,35466,千克,0,—,89193
48054000,滤纸及纸板,542026,千克,0,—,2976602
48055000,毡纸及纸板,44777,千克,0,—,411604
48059110,电解电容器纸，每平米...,269062,千克,0,—,2885195
48059190,其他未经涂布的纸及纸...,10429243,千克,0,—,10317649
48059200,其他未涂布纸及纸板，...,341419,千克,0,—,224644
48059300,其他未涂布纸及纸板，...,42453283,千克,0,—,19861405
48061000,植物羊皮纸,46434,千克,0,—,158917
48062000,防油纸,273574,千克,0,—,878313
48063000,描图纸,288,千克,0,—,3894
48064000,半透明玻璃纸及其他高...,2088607,千克,0,—,4674946
48070000,成卷或成张的复合纸及...,925340,千克,0,—,1658924
48081000,瓦楞纸及纸板，不论是...,169706,千克,0,—,228966
48084000,皱纹牛皮纸，不论是否...,197244,千克,0,—,583356
48089000,其他皱纹纸及纸板、压...,335925,千克,0,—,961148
48092000,自印复写纸，成卷或成...,19281,千克,0,—,10927
48099000,复写纸及其他拷贝或转...,158413,千克,0,—,480878
48101300,高岭土及其他无机物涂...,10795038,千克,0,—,15996011
48101400,高岭土及其他无机物涂...,13154,千克,0,—,36720
48101900,其他高岭土及其他无机...,3789148,千克,0,—,5505403
48102200,高岭土及其他无机物涂...,267033,千克,0,—,251923
48102900,其他高岭土及其他无机...,524229,千克,0,—,692841
48103100,高岭土及其他无机物涂...,1144810,千克,0,—,1710110
48103200,高岭土及其他无机物涂...,12009748,千克,0,—,15472940
48103900,其他涂布高岭土或其他...,5974266,千克,0,—,5568107
48109200,涂布高岭土或其他无机...,15393094,千克,0,—,16076078
48109900,未列名涂布高岭土或其...,6490,千克,0,—,32123
48111000,成卷或成张矩形焦油纸...,590,千克,0,—,4745
48114100,成卷或成张矩形的任何...,1007577,千克,0,—,6010767
48114900,成卷或成张矩形的其他...,37505,千克,0,—,260044
48115110,彩色相纸用双面涂塑纸...,628735,千克,0,—,2925355
48115191,纸塑铝复合材料，每平...,17550,千克,0,—,36460
48115199,其他用塑料（不包括黏...,791597,千克,0,—,3057588
48115910,其他用塑料涂布、浸渍...,44064,千克,0,—,587353
48115991,镀铝的用塑料（不包括...,28860,千克,0,—,104392
48115999,未列名用塑料(不包括...,3774926,千克,0,—,13110692
48116010,用蜡、石蜡、硬脂精、...,5514,千克,0,—,53407
48116090,其他用蜡、石蜡、硬脂...,556546,千克,0,—,1534820
48119000,未列名成卷成张矩形浸...,2443876,千克,0,—,8786849
48120000,纸浆制的滤块、滤板及...,96611,千克,0,—,1082227
48132000,宽度≤5cm成卷的卷...,764689,千克,0,—,2678150
48139000,其他卷烟纸，不论是否...,430059,千克,0,—,1580065
48142000,用塑料涂面或盖面的壁...,400110,千克,0,—,1422492
48149000,其他壁纸及类似品；窗...,11950,千克,0,—,215274
48162000,自印复写纸,16006,千克,0,—,65731
48169010,热敏转印纸（4809...,11042,千克,0,—,168505
48169090,复写纸、拷贝或转印纸...,72763,千克,0,—,407497
48171000,纸或纸板制的信封,24635,千克,0,—,261463
48172000,纸或纸板制封缄信片、...,1901,千克,0,—,24781
48173000,纸或纸板制盒、袋及夹...,8723,千克,0,—,80182
48181000,卫生纸,266470,千克,0,—,535254
48182000,纸手帕及面巾纸,40302,千克,0,—,167579
48183000,纸台布及纸餐巾,27670,千克,0,—,81452
48185000,纸浆、纸、纤维素絮纸...,8,千克,0,—,696
48189000,纸浆、纸等制的其他家...,389669,千克,0,—,2071745
48191000,瓦楞纸或纸板制的箱、...,573287,千克,0,—,2688548
48192000,非瓦楞纸或纸板制的可...,573249,千克,0,—,3667167
48193000,底宽≥40cm的纸袋,119088,千克,0,—,294211
48194000,其他纸袋，包括锥形袋,345667,千克,0,—,2257573
48195000,纸、纸板制其他包装容...,79605,千克,0,—,558643
48196000,纸或纸板制的卷宗盒、...,12361,千克,0,—,179200
48201000,帐本、笔记本、收据本...,154875,千克,0,—,1732228
48202000,练习本,581,千克,0,—,9313
48203000,纸或纸板制的活动封面...,4254,千克,0,—,70307
48204000,多联商业表格纸、页间...,5061,千克,0,—,42304
48205000,纸或纸板制的样品簿及...,8762,千克,0,—,36720
48209000,纸或纸板制的其他文具...,9741,千克,0,—,332271
48211000,纸或纸板制的各种标签...,390786,千克,0,—,8378332
48219000,纸或纸板制的各种标签...,126089,千克,0,—,1832697
48221000,纸制的纺织纱线用筒管...,260,千克,0,—,1206
48229000,其他纸制筒管、卷轴、...,160119,千克,0,—,444265
48232000,切成一定尺寸或形状的...,281272,千克,0,—,2593968
48234000,已印制的自动记录器用...,2138,千克,0,—,75170
48236910,非木植物浆纸或纸板制...,6,千克,0,—,230
48236990,未列名纸或纸板制的盘...,29507,千克,0,—,251971
48237000,压制或模制纸浆制品,126919,千克,0,—,1509019
48239010,以纸或纸板为底制成的...,2,千克,0,—,2233
48239020,神纸及类似用品,308374,千克,0,—,106793
48239030,纸扇,12,千克,0,—,1163
48239090,未列名切成形的纸、纸...,2927039,千克,0,—,8809723
49011000,单张的散页印刷品及类...,227831,千克,0,—,498466
49019100,字典或百科全书及其连...,12431,千克,0,—,74500
49019900,其他书籍、小册子及类...,1893548,千克,0,—,33467494
49021000,每周至少出版四次的报...,38649,千克,0,—,405027
49029000,其他报纸、杂志及期刊,85650,千克,0,—,21874271
49030000,儿童图画书、绘画或涂...,27432,千克,0,—,197703
49040000,乐谱原稿或印本，不论...,4929,千克,0,—,156060
49052000,成册的地图、水道图及...,133,千克,0,—,8026
49059000,其他地图、水道图及类...,4681,千克,0,—,54065
49060000,手绘的设计图纸原稿和...,769,千克,0,—,74415
49070010,在承认或将承认其面值...,777,千克,0,—,48423
49070020,承认国流通新发行的钞...,20,千克,0,—,50035
49070030,承认国流通新发行的证...,11,千克,0,—,1728
49070090,承认国流通新发行未用...,2338,千克,0,—,164902487
49081000,釉转印贴花纸（移画印...,16482,千克,0,—,334090
49089000,其他转印贴花纸（移画...,134982,千克,0,—,9992001
49090010,印刷或有图画的明信片,3417,千克,0,—,74681
49090090,印有个人问候、祝贺、...,10004,千克,0,—,182421
49100000,印刷的各种日历，包括...,9604,千克,0,—,193186
49111010,无商业价值的商业广告...,220680,千克,0,—,2610348
49111090,其他商业广告品、商品...,159979,千克,0,—,2125593
49119100,印刷的图片、设计图样...,159420,千克,0,—,5096609
49119910,纸质的其他印刷品,102002,千克,0,—,20237231
49119990,其他印刷品,103118,千克,0,—,3037669
50010010,适于缫丝的桑蚕茧,77760,千克,0,—,1523466
50020019,其他桑蚕丝,92600,千克,0,—,886946
50030011,不适于缫丝的下茧、茧...,566018,千克,0,—,4407862
50030012,回收的纤维状废丝,20596,千克,0,—,20596
50030019,其他未梳废丝,22670,千克,0,—,180684
50030099,其他废丝,137501,千克,0,—,1357796
50040000,丝纱线（绢纺纱线除外...,511,千克,0,—,50512
50050010,丝纱线，非供零售用,5,千克,0,—,1033
50050090,其他绢纺纱线，非供零...,2683,千克,0,—,54452
50060000,丝纱线及绢纺纱线，供...,53,千克,0,—,8437
50071090,其他丝机织物,4,米,1,千克,1107
50072011,未漂白或漂白桑蚕丝机...,3740,米,725,千克,21859
50072019,其他桑蚕丝机织物，丝...,33121,米,2947,千克,432760
50072029,其他柞蚕丝机织物，丝...,4778,米,641,千克,34616
50072031,未漂白或漂白绢丝机织...,1116,米,103,千克,18349
50072039,其他绢丝机织物，丝≥...,1424,米,123,千克,6321
50072090,未列名丝机织物，丝≥...,13943,米,950,千克,188936
50079010,其他未漂白或漂白丝机...,277,米,43,千克,4015
50079090,未列名丝机织物，丝＜...,5003,米,1222,千克,89548
51011100,未梳含脂剪羊毛,18171489,千克,0,—,175812490
51012100,未梳脱脂剪羊毛，未碳...,5832443,千克,0,—,8503048
51013000,未梳碳化羊毛,91193,千克,0,—,439179
51021100,未梳喀什米尔山羊绒毛,13390,千克,0,—,231002
51021920,未梳其他山羊绒,785056,千克,0,—,36554932
51021930,未梳骆驼毛、骆驼绒,150917,千克,0,—,219019
51021990,其他未梳动物细毛,108617,千克,0,—,698843
51022000,未梳动物粗毛,539759,千克,0,—,662501
51031010,羊毛落毛,99769,千克,0,—,487068
51051000,粗梳羊毛,35,千克,0,—,1062
51052900,羊毛条及其他精梳羊毛,87555,千克,0,—,582301
51053910,已梳兔毛,790,千克,0,—,7936
51053990,其他已梳动物细毛,82432,千克,0,—,1082781
51054000,已梳动物粗毛,1280,千克,0,—,34600
51061000,粗梳羊毛纱线，非供零...,12769,千克,0,—,377404
51062000,粗梳羊毛纱线，非供零...,8974,千克,0,—,333821
51071000,精梳羊毛纱线，非供零...,30237,千克,0,—,628690
51072000,精梳羊毛纱线，非供零...,31299,千克,0,—,367784
51081011,粗梳山羊绒≥85％的...,4504,千克,0,—,639652
51081019,粗梳其他动物细毛≥8...,128,千克,0,—,9338
51081090,粗梳动物细毛＜85%...,6383,千克,0,—,286515
51082011,精梳山羊绒≥85％的...,7513,千克,0,—,465985
51082019,精梳其他动物细毛≥8...,492,千克,0,—,18418
51082090,精梳动物细毛＜85%...,4463,千克,0,—,410487
51091011,山羊绒≥85％的纱线...,8,千克,0,—,3320
51091019,其他动物细毛≥85％...,139,千克,0,—,17073
51091090,羊毛≥85％的纱线，...,1382,千克,0,—,87628
51099011,山羊绒＜85％的纱线...,118,千克,0,—,19857
51099019,其他动物细毛＜85％...,462,千克,0,—,37971
51099090,羊毛＜85％的纱线，...,734,千克,0,—,35002
51100000,动物粗毛或马毛的纱线,103,千克,0,—,1589
51111111,粗梳山羊绒≥85%的...,3173,米,1283,千克,128341
51111119,粗梳其他动物细毛≥8...,1618,米,574,千克,33470
51111190,粗梳羊毛≥85%的机...,59199,米,19206,千克,593421
51111911,粗梳山羊绒≥85%的...,4813,米,2716,千克,356509
51111919,粗梳其他动物细毛≥8...,12211,米,7023,千克,236901
51111990,粗梳羊毛≥85%的机...,187430,米,115882,千克,1861685
51112000,粗梳毛＜85％主要或...,68236,米,33157,千克,716695
51113000,粗梳毛＜85％主要或...,133408,米,78506,千克,1252811
51119000,粗梳毛＜85％与其他...,25351,米,12654,千克,306227
51121100,精梳毛≥85％的机织...,729950,米,190972,千克,15423376
51121900,精梳毛≥85％的机织...,377977,米,171837,千克,4792602
51122000,精梳毛＜85％主要或...,60996,米,23216,千克,634676
51123000,精梳毛＜85％主要或...,182625,米,55068,千克,1834775
51129000,精梳毛＜85％与其他...,37904,米,12864,千克,693271
51130000,动物粗毛或马毛机织物,527,米,133,千克,2927
52010000,未梳的棉花,88574289,千克,0,—,264844487
52030000,已梳的棉花,484106,千克,0,—,755902
52041100,含棉≥85％的缝纫线...,965,千克,0,—,16873
52041900,含棉＜85％的缝纫线...,1887,千克,0,—,30713
52042000,棉制缝纫线，供零售用,38,千克,0,—,1609
52051100,未精梳单纱，棉≥85...,13335940,千克,0,—,29879484
52051200,未精梳单纱，棉≥85...,49292582,千克,0,—,121696654
52051300,未精梳单纱，棉≥85...,1678324,千克,0,—,6371055
52051400,未精梳单纱，棉≥85...,6580825,千克,0,—,21363031
52051500,未精梳单纱，棉≥85...,1,千克,0,—,110
52052100,精梳单纱，棉≥85％...,32359,千克,0,—,147755
52052200,精梳单纱，棉≥85％...,1803266,千克,0,—,7898625
52052300,精梳单纱，棉≥85％...,1988466,千克,0,—,8950827
52052400,精梳单纱，棉≥85％...,4380256,千克,0,—,20430175
52052600,精梳单纱，棉≥85％...,404373,千克,0,—,2643636
52052700,精梳单纱，棉≥85％...,129075,千克,0,—,1022738
52052800,精梳单纱，棉≥85％...,400059,千克,0,—,3302000
52053100,未精梳多股纱线，棉≥...,11104,千克,0,—,80417
52053200,未精梳多股线，棉≥8...,285132,千克,0,—,964648
52053300,未精梳多股线，棉≥8...,15150,千克,0,—,75985
52053400,未精梳多股线，棉≥8...,951103,千克,0,—,3187386
52054100,精梳多股纱线，棉≥8...,5826,千克,0,—,45665
52054200,精梳多股纱线，棉≥8...,51165,千克,0,—,347785
52054300,精梳多股纱线，棉≥8...,6476,千克,0,—,108829
52054400,精梳多股纱线，棉≥8...,45546,千克,0,—,269331
52054600,精梳多股纱线，棉≥8...,88329,千克,0,—,605295
52054700,精梳多股纱线，棉≥8...,43368,千克,0,—,331782
52054800,精梳多股纱线，棉≥8...,71100,千克,0,—,620323
52061100,未精梳单纱，棉＜85...,1297239,千克,0,—,1131110
52061200,未精梳单纱，棉＜85...,3833564,千克,0,—,6500639
52061300,未精梳单纱，棉＜85...,201809,千克,0,—,582111
52061400,未精梳单纱，棉＜85...,315709,千克,0,—,930193
52061500,未精梳单纱，棉＜85...,1,千克,0,—,61
52062100,精梳单纱，棉＜85％...,3345,千克,0,—,86230
52062200,精梳单纱，棉＜85％...,270583,千克,0,—,953191
52062300,精梳单纱，棉＜85％...,348360,千克,0,—,1213761
52062400,精梳单纱，棉＜85％...,1206273,千克,0,—,4851531
52062500,精梳单纱，棉＜85％...,61153,千克,0,—,361096
52063100,未精梳多股纱线，棉＜...,94,千克,0,—,3673
52063200,未精梳多股纱线，棉＜...,1697,千克,0,—,23835
52063300,未精梳多股纱线，棉＜...,65,千克,0,—,5660
52063500,未精梳多股纱线，棉＜...,1202,千克,0,—,12246
52064100,精梳多股纱线，棉＜8...,733,千克,0,—,17586
52064200,精梳多股纱线，棉＜8...,10771,千克,0,—,96247
52064300,精梳多股纱线，棉＜8...,213,千克,0,—,12812
52064400,精梳多股纱线，棉＜8...,70821,千克,0,—,559334
52064500,精梳多股纱线，棉＜8...,521,千克,0,—,12414
52071000,棉≥85％的棉纱线，...,1758,千克,0,—,90381
52079000,棉＜85％的棉纱线，...,614,千克,0,—,17809
52081100,棉≥85％未漂平纹布...,16483534,米,592932,千克,2869157
52081200,棉≥85％未漂平纹布...,1156708,米,261823,千克,1174934
52081300,棉≥85％未漂三或四...,10738,米,3158,千克,21549
52081900,其他棉≥85％未漂布...,66382,米,29799,千克,424392
52082100,棉≥85％漂白平纹布...,364349,米,33230,千克,510902
52082200,棉≥85％漂白平纹布...,337013,米,92234,千克,647597
52082300,棉≥85％漂白三或四...,3489,米,807,千克,34764
52082900,其他棉≥85％漂白布...,21670,米,4627,千克,98531
52083100,棉≥85％染色平纹布...,159714,米,17038,千克,309239
52083200,棉≥85％染色平纹布...,256638,米,52731,千克,945492
52083300,棉≥85％染色三或四...,21533,米,4332,千克,89850
52083900,其他棉≥85％染色布...,113854,米,25019,千克,658848
52084100,棉≥85％色织平纹布...,9581,米,1095,千克,63571
52084200,棉≥85％色织平纹布...,227642,米,48428,千克,878866
52084300,棉≥85％色织三或四...,25608,米,5263,千克,232204
52084900,棉≥85％其他色织布...,60892,米,11636,千克,363325
52085100,棉≥85％印花平纹布...,19744,米,1946,千克,163701
52085200,棉≥85％印花平纹布...,259069,米,42233,千克,1043392
52085910,棉≥85％印花三或四...,1608,米,308,千克,9151
52085990,棉≥85％其他印花布...,82882,米,17526,千克,179873
52091100,棉≥85％未漂平纹布...,326064,米,124864,千克,570435
52091200,棉≥85％未漂三或四...,988584,米,417161,千克,1628299
52091900,其他棉≥85％未漂布...,73549,米,34526,千克,132259
52092100,棉≥85％漂白平纹布...,99287,米,23803,千克,118116
52092200,棉≥85％漂白三或四...,169642,米,79505,千克,656577
52092900,其他棉≥85％漂白布...,37668,米,17859,千克,193057
52093100,棉≥85％染色平纹布...,285799,米,116829,千克,898754
52093200,棉≥85％染色三或四...,154800,米,64106,千克,716726
52093900,其他棉≥85％染色布...,408415,米,156816,千克,1765430
52094100,棉≥85％色织平纹布...,18433,米,7407,千克,147515
52094200,棉≥85%色织粗斜纹...,1761766,米,1034575,千克,7258727
52094300,棉≥85％色织其他三...,18431,米,9207,千克,127423
52094900,其他棉≥85％色织布...,67136,米,39165,千克,423266
52095100,棉≥85％印花平纹布...,16031,米,6318,千克,54920
52095200,棉≥85％印花三或四...,2383,米,1218,千克,19442
52095900,其他棉≥85％印花布...,33339,米,11651,千克,174916
52101100,棉＜85％与化纤纺未...,32356,米,11877,千克,165773
52101910,棉＜85％与化纤纺未...,8989,米,2919,千克,17699
52102100,棉＜85％与化纤纺漂...,104708,米,23595,千克,272446
52102910,棉＜85％与化纤纺漂...,2701,米,471,千克,29205
52102990,棉＜85％与化纤纺漂...,12400,米,2702,千克,42614
52103100,棉＜85％与化纤纺染...,293329,米,55519,千克,1071392
52103200,棉＜85％与化纤纺染...,44341,米,9991,千克,187127
52103900,棉＜85％与化纤纺染...,103454,米,19246,千克,366299
52104100,棉＜85％与化纤纺色...,89125,米,15414,千克,203524
52104910,棉＜85％与化纤纺色...,2217,米,363,千克,7062
52104990,棉＜85％与化纤纺色...,4253,米,731,千克,26600
52105100,棉＜85％与化纤纺印...,112849,米,18466,千克,630118
52105910,棉＜85％与化纤纺印...,6,米,4,千克,55
52105990,棉＜85％与化纤纺印...,79266,米,10718,千克,187902
52111100,棉＜85％与化纤纺未...,76067,米,27520,千克,155083
52111200,棉＜85％与化纤纺未...,102563,米,53938,千克,185750
52111900,棉＜85％与化纤纺未...,3825,米,429,千克,5738
52112000,棉＜85％与化纤混纺...,109758,米,48875,千克,371361
52113100,棉＜85％与化纤纺染...,128299,米,46936,千克,758120
52113200,棉＜85％与化纤纺染...,78021,米,28413,千克,481076
52113900,棉＜85％与化纤纺染...,117970,米,50118,千克,388531
52114100,棉＜85％与化纤纺色...,6232,米,2873,千克,94241
52114200,棉＜85％与化纤纺色...,782319,米,358322,千克,3088576
52114300,棉＜85％与化纤纺色...,70922,米,37220,千克,306832
52114900,棉＜85％与化纤纺色...,9770,米,4569,千克,139662
52115100,棉＜85％与化纤纺印...,2138,米,859,千克,5470
52115200,棉＜85％与化纤纺印...,1630,米,801,千克,1197
52115900,棉＜85％与化纤纺印...,1251,米,934,千克,10104
52121100,其他未漂棉布，平米重...,1189,米,239,千克,8233
52121200,其他漂白棉布，平米重...,109,米,15,千克,2257
52121300,其他染色棉布，平米重...,36955,米,7860,千克,92011
52121400,其他色织棉布，平米重...,49819,米,11689,千克,525270
52121500,其他印花棉布，平米重...,1264,米,115,千克,13599
52122100,其他未漂棉布，平米重...,3954,米,1526,千克,42131
52122200,其他漂白棉布，平米重...,19707,米,10648,千克,100160
52122300,其他染色棉布，平米重...,14529,米,5065,千克,224735
52122400,其他色织棉布，平米重...,23554,米,12270,千克,162742
52122500,其他印花棉布，平米重...,1370,米,494,千克,12789
53011000,生的或经沤制的麻,25919,千克,0,—,33695
53012100,破开的或打成的亚麻,9862505,千克,0,—,37212307
53012900,栉梳或经其他加工但未...,720,千克,0,—,52
53013000,亚麻短纤及废麻,4063884,千克,0,—,6532534
53021000,生的或经沤制的大麻,22505,千克,0,—,24394
53031000,生的或经沤制的黄麻等...,1866155,千克,0,—,1484115
53039000,其他加工但未纺黄麻等...,347013,千克,0,—,307657
53050012,经加工但未纺制的苎麻,5,千克,0,—,112
53050020,生的或经加工但未纺蕉...,203610,千克,0,—,491083
53050091,西沙尔麻等纺织龙舌兰...,3802002,千克,0,—,6055637
53050092,生的或经加工但未纺椰...,48676531,千克,0,—,8297887
53050099,未列名纺织用植物纤维...,52276,千克,0,—,78310
53061000,亚麻单纱,3006,千克,0,—,20633
53062000,亚麻多股纱线或缆线,4548,千克,0,—,24704
53071000,黄麻或5303其他纺...,10006067,千克,0,—,10023822
53072000,黄麻或5303其他纺...,3280703,千克,0,—,3395069
53082000,大麻纱线,2008,千克,0,—,18477
53089011,苎麻≥85%未漂白或...,31,千克,0,—,1507
53089012,苎麻≥85%的色纱线,357,千克,0,—,7810
53089014,苎麻＜85%的色纱线,3582,千克,0,—,23731
53089091,纸纱线,14058,千克,0,—,231230
53089099,未列名植物纺织纤维纱...,77738,千克,0,—,183450
53091110,含亚麻≥85％未漂白...,23069,米,10823,千克,185049
53091120,含亚麻≥85％漂白的...,3751,米,745,千克,52733
53091900,其他含亚麻≥85％的...,49864,米,12780,千克,427024
53092110,含亚麻＜85％未漂白...,623,米,239,千克,7309
53092120,含亚麻＜85％漂白的...,15634,米,4361,千克,282959
53092900,其他含亚麻＜85％的...,76629,米,21566,千克,1321131
53101000,黄麻或5303其他纺...,669500,米,289070,千克,535935
53109000,黄麻或5303其他纺...,3690,米,2045,千克,53793
53110013,苎麻≥85%其他机织...,71986,米,13144,千克,78051
53110020,纸纱线机织物,359,米,404,千克,8489
53110030,大麻机织物,937,米,207,千克,4548
53110090,未列名纺织用植物纤维...,8116,米,1811,千克,15922
54011010,合成纤维长丝缝纫线，...,168614,千克,0,—,2887633
54011020,合成纤维长丝缝纫线，...,2147,千克,0,—,56501
54012010,人造纤维长丝缝纫线，...,774,千克,0,—,25731
54012020,人造纤维长丝缝纫线，...,140,千克,0,—,2622
54021110,聚间苯二甲酰间苯二胺...,2539,千克,0,—,108031
54021120,聚对苯二甲酰对苯二胺...,423950,千克,0,—,11378068
54021190,其他芳香族聚酰胺纺制...,15352,千克,0,—,442558
54021910,聚酰胺6（尼龙6）纺...,159498,千克,0,—,838567
54021920,"聚酰胺6,6（尼龙6...",2098346,千克,0,—,11823198
54021990,未列名尼龙或其他聚酰...,1165,千克,0,—,36850
54022000,聚酯高强力纱,1744869,千克,0,—,5462772
54023111,尼龙-6弹力丝，每根...,171063,千克,0,—,1314914
54023112,尼龙-6，6弹力丝，...,196587,千克,0,—,1884152
54023119,其他尼龙等聚酰胺弹力...,32762,千克,0,—,218588
54023190,尼龙等聚酰胺其他变形...,80765,千克,0,—,563638
54023211,尼龙-6弹力丝，每根...,408400,千克,0,—,2495560
54023212,尼龙-6，6弹力丝，...,69025,千克,0,—,664116
54023213,芳香族聚酰胺弹力丝，...,270,千克,0,—,7203
54023219,其他尼龙或聚酰胺弹力...,3014,千克,0,—,46174
54023290,尼龙等聚酰胺其他变形...,70623,千克,0,—,436160
54023310,聚酯弹力丝,1586369,千克,0,—,7584596
54023390,其他聚酯变形纱线,185696,千克,0,—,961179
54023400,聚丙烯长丝变形纱线,2141,千克,0,—,24281
54023900,其他合成纤维长丝变形...,1222,千克,0,—,53976
54024410,氨纶弹性纱线，未加捻...,2393642,千克,0,—,16518283
54024490,其他弹性纱线，未加捻...,16031,千克,0,—,141130
54024510,尼龙-6纱线，未加捻...,745803,千克,0,—,3348214
54024520,尼龙-6，6纱线，未...,202987,千克,0,—,1566498
54024530,芳香族聚酰胺纱线，未...,3131,千克,0,—,205130
54024590,其他尼龙类纱线，未加...,757,千克,0,—,33986
54024600,部分定向聚酯纱线，未...,1526076,千克,0,—,1033595
54024700,其他聚酯纱线，捻度≤...,948406,千克,0,—,2786774
54024800,聚丙烯长丝单纱(弹性...,39281,千克,0,—,142319
54024910,断裂强度不小于22厘...,316,千克,0,—,51677
54024990,其他合成纤维长丝单纱...,312356,千克,0,—,2363533
54025110,聚酰胺-6(尼龙-6...,102876,千克,0,—,437896
54025120,尼龙-6，6纱线，捻...,486,千克,0,—,6882
54025190,其他尼龙或其他聚酰胺...,95,千克,0,—,8609
54025200,聚酯纱线，捻度＞50...,120777,千克,0,—,579144
54025300,聚丙烯长丝单纱，捻度...,91,千克,0,—,2832
54025920,断裂强度不小于22厘...,8971,千克,0,—,1928303
54025990,其他合成纤维长丝单纱...,5955,千克,0,—,103904
54026110,聚酰胺-6（尼龙-6...,42564,千克,0,—,548243
54026120,聚酰胺-6，6（尼龙...,85218,千克,0,—,812361
54026130,芳香族聚酰胺多股纱线...,14375,千克,0,—,129106
54026190,其他尼龙或聚酰胺多股...,7329,千克,0,—,89411
54026200,聚酯多股纱线或缆线,387962,千克,0,—,1265066
54026300,聚丙烯多股纱线或缆线,1603,千克,0,—,25868
54026920,氨纶长丝多股纱线或缆...,5058,千克,0,—,101157
54026990,未列名合成纤维长丝多...,29149,千克,0,—,793697
54031000,粘胶纤维高强力纱,557,千克,0,—,11162
54033190,粘胶纤维单纱，未加捻...,3887,千克,0,—,56422
54033290,其他粘胶纤维单纱，捻...,52,千克,0,—,5927
54033310,二醋酸纤维丝束,560462,千克,0,—,3577972
54033390,其他醋酸纤维单纱,18334,千克,0,—,246470
54033900,其他人造纤维长丝单纱,153909,千克,0,—,2024165
54034100,粘胶纤维多股纱线或缆...,1295,千克,0,—,60572
54034200,醋酸纤维多股纱线或缆...,112,千克,0,—,1336
54034900,未列名人造纤维长丝多...,7173,千克,0,—,53361
54041100,合纤弹性单丝，截面尺...,214897,千克,0,—,2221182
54041200,聚丙烯单丝，截面尺寸...,3165,千克,0,—,46469
54041900,其他合纤单丝，截面尺...,557594,千克,0,—,8811958
54049000,表观宽度≤5mm的合...,276454,千克,0,—,951462
54050000,截面≤1mm，细≥6...,4,千克,0,—,7084
54060010,合成纤维长丝纱线，供...,1332,千克,0,—,48190
54060020,人造纤维长丝纱线，供...,1391,千克,0,—,29897
54071010,尼龙或其他聚酰胺高强...,205862,米,69523,千克,898190
54071020,聚酯高强力纱制的机织...,388844,米,82348,千克,814795
54072000,合成纤维长丝扁条及类...,4004874,米,266765,千克,703868
54073000,纱线交叉点用粘合剂或...,270,米,30,千克,1981
54074100,尼龙等聚酰胺长丝≥8...,5838493,米,1268480,千克,5590998
54074200,尼龙等聚酰胺长丝≥8...,5265869,米,709006,千克,16567301
54074300,尼龙等聚酰胺长丝≥8...,109584,米,36066,千克,374109
54074400,尼龙等聚酰胺长丝≥8...,50250,米,10027,千克,350806
54075100,聚酯变形长丝≥85％...,1203000,米,187930,千克,1430593
54075200,聚酯变形长丝≥85％...,3404660,米,752369,千克,8462877
54075300,聚酯变形长丝≥85％...,319817,米,115139,千克,984979
54075400,聚酯变形长丝≥85％...,475602,米,116405,千克,1146240
54076100,含聚酯非变形长丝≥8...,8318891,米,1665890,千克,18343602
54076900,其他含聚酯长丝≥85...,1018061,米,267975,千克,2552624
54077100,含其他合纤长丝≥85...,221190,米,50887,千克,670089
54077200,含其他合成纤维长丝≥...,869293,米,180979,千克,3385393
54077300,含其他合成纤维长丝≥...,457772,米,129642,千克,1735933
54077400,含其他合成纤维长丝≥...,19082,米,2048,千克,93708
54078100,含合纤长丝＜85％，...,27574,米,1211,千克,52490
54078200,合成纤维长丝＜85％...,566471,米,149565,千克,1762636
54078300,合成纤维长丝＜85％...,15164,米,7078,千克,160912
54078400,合成纤维长丝＜85％...,4190,米,955,千克,9055
54079100,其他合成纤维长丝未漂...,10649,米,2699,千克,57280
54079200,其他合成纤维长丝染色...,472556,米,118099,千克,2266542
54079300,其他合成纤维长丝色织...,122468,米,41563,千克,799876
54079400,其他合成纤维长丝印花...,7408,米,988,千克,53668
54081000,粘胶纤维高强力纱的布,3,米,11,千克,75
54082110,含粘胶长丝≥85%未...,1113,米,170,千克,278
54082120,含醋酸长丝≥85%未...,97337,米,6908,千克,34321
54082190,含其他人造长丝等≥8...,50369,米,5663,千克,111625
54082210,含胶粘长丝≥85%染...,32447,米,7892,千克,166541
54082220,含醋酸长丝≥85%染...,117905,米,24564,千克,628486
54082290,含其他人造长丝、扁条...,312105,米,41569,千克,1288242
54082310,含粘胶纤维长丝≥85...,1378,米,692,千克,9070
54082320,含醋酸纤维长丝≥85...,10,米,22,千克,7
54082390,含其他人造长丝、扁条...,9785,米,1612,千克,62092
54082410,含粘胶纤维长丝≥85...,3776,米,462,千克,58099
54082490,含其他人造长丝、扁条...,4943,米,617,千克,30371
54083100,其他人造纤维长丝未漂...,7399,米,870,千克,39337
54083200,其他人造纤维长丝染色...,411014,米,124478,千克,2936824
54083300,其他人造纤维长丝色织...,16667,米,5320,千克,231416
54083400,其他人造纤维长丝印花...,2273,米,301,千克,7508
55011900,尼龙或其他聚酰胺长丝...,6383,千克,0,—,63680
55012000,聚酯长丝丝束,47139,千克,0,—,234179
55013000,聚丙烯腈或变性聚丙烯...,790494,千克,0,—,2204578
55014000,聚丙烯长丝丝束,84435,千克,0,—,187347
55019000,其他合成纤维长丝丝束,23577,千克,0,—,53956
55021010,二醋酸纤维长丝丝束,1010600,千克,0,—,5487255
55029000,其他人造纤维长丝丝束,96,千克,0,—,3298
55031110,聚间苯二甲酰间苯二胺...,179266,千克,0,—,3374287
55031120,聚对苯二甲酰对苯二胺...,48758,千克,0,—,1008760
55031190,其他芳香族聚酰胺短纤...,130,千克,0,—,3371
55031900,尼龙等聚酰胺短纤，未...,593793,千克,0,—,3778663
55032000,聚酯短纤，未梳或未经...,7760255,千克,0,—,8864879
55033000,聚丙烯腈及其变性短纤...,1728746,千克,0,—,7653643
55034000,聚丙烯短纤，未梳或未...,97089,千克,0,—,217309
55039010,聚苯硫醚制短纤，未梳...,236600,千克,0,—,2177165
55039090,其他合成纤维短纤，未...,4833109,千克,0,—,8585150
55041021,阻燃的木制粘胶纤维短...,87830,千克,0,—,424905
55041029,其他木制粘胶纤维短纤...,6585156,千克,0,—,20290252
55041090,其他粘胶纤维短纤，未...,1416913,千克,0,—,3284828
55049000,其他人造纤维短纤，未...,8713435,千克,0,—,26331943
55061090,尼龙或其他聚酰胺短纤...,14215,千克,0,—,429794
55062000,聚酯短纤，已梳或经其...,28195,千克,0,—,398332
55063000,聚丙烯腈或变性聚丙烯...,63334,千克,0,—,133255
55064000,"聚丙烯短纤,已梳或经...",951,千克,0,—,6170
55069090,其他合成纤维短纤，已...,3584,千克,0,—,41444
55070000,人造纤维短纤，已梳或...,104840,千克,0,—,341368
55081000,合成纤维短纤缝纫线,15201,千克,0,—,215611
55082000,人造纤维短纤缝纫线,27,千克,0,—,642
55091100,尼龙或其他聚酰胺短纤...,1337,千克,0,—,23507
55091200,尼龙等聚酰胺短纤≥8...,2477,千克,0,—,69459
55092100,聚酯短纤≥85%的单...,52522,千克,0,—,175116
55092200,聚酯短纤≥85%的多...,97518,千克,0,—,412348
55093100,聚丙烯腈或变性聚丙烯...,53704,千克,0,—,334254
55093200,聚丙烯腈及其变性短纤...,85205,千克,0,—,495319
55094100,其他合成纤维短纤≥8...,929,千克,0,—,13466
55094200,其他合成纤维短纤≥8...,2786,千克,0,—,86465
55095100,聚酯短纤＜85%主要...,34805,千克,0,—,105511
55095200,聚酯短纤＜85%主要...,723,千克,0,—,23054
55095300,聚酯短纤＜85%主要...,257478,千克,0,—,527633
55095900,聚酯短纤＜85%与其...,10925,千克,0,—,78407
55096100,聚丙烯腈及其变性短纤...,5471,千克,0,—,51714
55096200,聚丙烯腈及其变性短纤...,239853,千克,0,—,2218385
55096900,聚丙烯腈及变性短纤＜...,530773,千克,0,—,4260970
55099100,其他合成短纤＜85%...,29124,千克,0,—,116460
55099200,其他合成短纤＜85%...,281,千克,0,—,8545
55099900,其他合成短纤＜85%...,32715,千克,0,—,359161
55101100,人造纤维短纤≥85%...,120946,千克,0,—,400816
55101200,人造纤维短纤≥85%...,5503,千克,0,—,26043
55102000,人造纤维短纤＜85%...,1285,千克,0,—,7725
55103000,人造纤维短纤＜85%...,8147,千克,0,—,28148
55109000,人造纤维短纤＜85%...,17781,千克,0,—,238235
55111000,合成纤维短纤≥85%...,81,千克,0,—,381
55113000,人造纤维短纤纱线，供...,66,千克,0,—,3091
55121100,聚酯短纤≥85%未漂...,379829,米,69454,千克,742032
55121900,其他含聚酯短纤≥85...,2833175,米,621609,千克,6817133
55122100,聚丙烯腈及其变性短纤...,3340,米,1787,千克,87016
55122900,其他聚丙烯腈及其变性...,656983,米,230306,千克,6751738
55129100,其他合成纤维短纤≥8...,2220,米,422,千克,22240
55129900,未列名合成纤维短纤≥...,75171,米,19258,千克,449581
55131110,聚酯短纤＜85%棉混...,50786,米,8768,千克,135929
55131120,聚酯短纤＜85%棉混...,71308,米,13151,千克,129147
55131210,聚酯短纤＜85%棉混...,150,米,20,千克,1030
55131310,其他聚酯短纤＜85%...,221,米,106,千克,1313
55131320,其他聚酯短纤＜85%...,18269,米,3187,千克,46279
55131900,其他合短纤＜85%棉...,200,米,24,千克,160
55132100,聚酯短纤＜85%棉混...,306980,米,69030,千克,580089
55132310,聚酯短纤＜85%棉混...,123213,米,25472,千克,279966
55132390,其他聚酯短纤＜85%...,20811,米,4397,千克,40560
55132900,其他合成短纤＜85%...,5764,米,1445,千克,23947
55133100,聚酯短纤＜85%棉混...,9866,米,1728,千克,23946
55133910,聚酯短纤＜85%棉混...,200,米,32,千克,896
55133920,其他聚酯短纤＜85%...,4785,米,1067,千克,14417
55133990,其他合成短纤＜85%...,541,米,105,千克,1413
55134100,聚酯短纤＜85%棉混...,16851,米,2445,千克,10211
55134990,其他合成短纤＜85%...,55,米,11,千克,36
55141110,聚酯短纤＜85%棉混...,34786,米,12713,千克,73069
55141120,聚酯短纤＜85%棉混...,5164,米,1176,千克,17063
55142100,聚酯短纤＜85%棉混...,163093,米,48389,千克,507024
55142200,聚酯短纤＜85%棉混...,134197,米,47083,千克,591219
55142300,其他聚酯短纤＜85%...,47093,米,17482,千克,133282
55142900,其他合成短纤＜85%...,15216,米,5704,千克,144847
55143010,聚酯短纤＜85%棉混...,7037,米,2786,千克,48440
55143020,聚酯短纤＜85%棉混...,820,米,344,千克,3791
55143030,其他聚酯短纤＜85%...,100402,米,21823,千克,193496
55143090,其他合成短纤＜85%...,2734,米,1344,千克,65860
55144200,聚酯短纤＜85%棉混...,9699,米,3754,千克,37135
55144300,其他聚酯短纤＜85%...,3443,米,1272,千克,14902
55144900,其他合成短纤＜85%...,21491,米,7028,千克,96710
55151100,聚酯短纤＜85%主要...,249050,米,89611,千克,1150197
55151200,聚酯短纤＜85%主要...,50969,米,13404,千克,187764
55151300,聚酯短纤＜85%主要...,267526,米,79834,千克,2425985
55151900,聚酯短纤＜85%与其...,39543,米,10262,千克,170791
55152100,聚丙烯腈及变性短纤＜...,9320,米,5349,千克,114935
55152200,聚丙烯腈及其变性短纤...,7411,米,3102,千克,88495
55152900,聚丙烯腈及变性短纤＜...,1538,米,381,千克,17849
55159100,其他合成短纤＜85%...,1026,米,286,千克,8681
55159900,其他合成纤维短纤＜8...,36877,米,7452,千克,318667
55161100,人造纤维短纤≥85%...,48106,米,11236,千克,81109
55161200,人造纤维短纤≥85%...,743180,米,145276,千克,1063944
55161300,人造纤维短纤≥85%...,30859,米,7418,千克,228572
55161400,人造纤维短纤≥85%...,28692,米,3749,千克,43238
55162100,人造短纤＜85%与化...,12130,米,4393,千克,76958
55162200,人造短纤＜85%与化...,64846,米,14159,千克,324545
55162300,人造短纤＜85%与化...,15664,米,4224,千克,56936
55162400,人造短纤＜85%与化...,9093,米,1870,千克,56684
55163100,人造短纤＜85%与毛...,55,米,14,千克,180
55163200,人造纤维短纤＜85%...,5937,米,1829,千克,106421
55163300,人造纤维短纤＜85%...,10738,米,1950,千克,80457
55164100,人造短纤＜85%与棉...,479,米,131,千克,3468
55164200,人造纤维短纤＜85%...,34528,米,6458,千克,149598
55164300,人造纤维短纤＜85%...,15522,米,5504,千克,53548
55164400,人造纤维短纤＜85%...,316,米,69,千克,814
55169100,人造短纤＜85%与其...,47,米,7,千克,1093
55169200,人造纤维短纤＜85%...,25473,米,6836,千克,213456
55169300,人造纤维短纤＜85%...,4768,米,2020,千克,66418
55169400,人造纤维短纤＜85%...,1079,米,87,千克,19180
56012100,棉制絮胎及其制品,251258,千克,0,—,2199073
56012210,化纤制卷烟滤嘴,10847,千克,0,—,91724
56012290,化纤制其他絮胎及其制...,189397,千克,0,—,2625920
56012900,其他纤维制絮胎及其制...,6085,千克,0,—,37497
56013000,纤维屑、纤维粉末及球...,454011,千克,0,—,3666574
56021000,针刺机制毡呢及纤维缝...,233024,千克,0,—,2036597
56022100,羊毛或动物细毛制其他...,10791,千克,0,—,348346
56022900,其他纺织材料制毡呢，...,13002,千克,0,—,251058
56029000,未列名毡呢,182788,千克,0,—,2232948
56031110,浸涂、覆盖的化纤长丝...,50406,千克,0,—,341342
56031190,其他化纤长丝制无纺织...,200300,千克,0,—,1032691
56031210,浸涂的化纤长丝无纺织...,590286,千克,0,—,4154275
56031290,其他化纤长丝制无纺织...,1907253,千克,0,—,10346931
56031310,浸涂化纤长丝无纺织物...,618882,千克,0,—,5533876
56031390,其他化纤长丝无纺织物...,1180511,千克,0,—,5670638
56031410,浸涂、覆盖化纤长丝无...,226723,千克,0,—,5369148
56031490,其他化纤长丝制无纺织...,304402,千克,0,—,2204926
56039110,浸涂、覆盖其他材料制...,58804,千克,0,—,276412
56039190,其他材料制未浸涂无纺...,282351,千克,0,—,1304022
56039210,浸涂的其他材料无纺织...,434138,千克,0,—,3617455
56039290,未浸涂其他材料无纺织...,1009266,千克,0,—,8006988
56039310,浸涂的其他材料制无纺...,584699,千克,0,—,5704146
56039390,未浸涂其他材料制无纺...,703200,千克,0,—,4304806
56039410,浸涂覆压其他材料制无...,617483,千克,0,—,13149495
56039490,未浸涂覆其他材料制无...,388072,千克,0,—,5533950
56041000,用纺织材料包覆的橡胶...,43200,千克,0,—,484932
56049000,其他橡或塑涂包覆纺织...,57010,千克,0,—,1770679
56050000,含金属纱线,9489,千克,0,—,436634
56060000,粗松螺旋花线；绳绒线...,20177,千克,0,—,399765
56072900,龙舌兰类纤维纺制的其...,17,千克,0,—,155
56074100,聚乙烯或聚丙烯纺制的...,4889,千克,0,—,28604
56074900,聚乙烯或聚丙烯纺制的...,61125,千克,0,—,1533777
56075000,其他合成纤维纺制的线...,232440,千克,0,—,5585411
56079010,蕉麻等硬质（叶）纤维...,3670,千克,0,—,25624
56079090,未列名纤维纺制的线、...,28156,千克,0,—,277757
56081100,化纤材料制成的渔网,7570,千克,0,—,31996
56081900,化纤材料制成的网料及...,71005,千克,0,—,379887
56089000,其他纤维制成的网料、...,63084,千克,0,—,118545
56090000,纱线、5404或54...,66225,千克,0,—,1013293
57011000,毛制结织栽绒地毯等结...,37555,千克,12292,平方米,593128
57019010,化纤结织栽绒地毯等结...,17370,千克,4641,平方米,176167
57019020,丝制结织栽绒地毯等结...,756,千克,597,平方米,235163
57019090,未列名纺材结织栽绒地...,514,千克,142,平方米,58345
57021000,开来姆、苏麦克、卡拉...,4589,千克,11749,平方米,38558
57022000,椰壳纤维制的铺地制品...,51184,千克,195749,平方米,58381
57023100,毛制起绒结构的铺地制...,2776,千克,1775,平方米,96347
57023200,化纤制起绒结构的铺地...,250,千克,165,平方米,6068
57024100,毛制起绒结构的铺地制...,17396,千克,6827,平方米,154917
57024200,化纤制起绒结构的铺地...,344992,千克,111502,平方米,1574163
57024900,其他纺织材料制起绒结...,3603,千克,3074,平方米,42411
57025010,毛制非起绒结构的铺地...,15,千克,27,平方米,772
57025090,其他纺织材料非起绒结...,568,千克,142,平方米,6531
57029100,毛制非起绒结构的铺地...,4165,千克,1655,平方米,150184
57029200,化纤制非起绒结构的铺...,17884,千克,11635,平方米,173534
57029900,其他纺织材料制非起绒...,103412,千克,115623,平方米,412912
57031000,毛制簇绒地毯及其他簇...,11033,千克,2597,平方米,699354
57032100,尼龙或其他聚酰胺制人...,170,千克,8,平方米,5805
57032900,尼龙或其他聚酰胺簇绒...,127542,千克,52673,平方米,1121059
57033100,其他化学纤维制簇绒人...,57903,千克,33081,平方米,212602
57033900,其他化学纤维簇绒地毯...,75691,千克,74784,平方米,442739
57039000,其他纺织材料簇绒地毯...,16391,千克,7584,平方米,323270
57049000,毡呢地毯等铺地制品，...,61018,千克,52441,平方米,229065
57050010,羊毛或动物细毛制未列...,10042,千克,5822,平方米,217199
57050020,化纤制未列名地毯及铺...,67619,千克,41689,平方米,422669
57050090,其他纺织材料制未列名...,63973,千克,12398,平方米,181560
58011000,羊毛或动物细毛制起绒...,25009,米,23832,千克,769025
58012100,棉制不割绒的纬起绒织...,1978,米,672,千克,30379
58012200,棉制割绒的灯芯绒,55102,米,28695,千克,184529
58012300,棉制其他纬起绒织物,10710,米,3257,千克,708134
58012600,棉制绳绒织物,4676,米,46,千克,1704
58012710,棉制不割绒的经起绒织...,65,米,26,千克,4745
58012720,棉制割绒的经起绒织物,18688,米,10888,千克,363490
58013100,化纤制不割绒的纬起绒...,41294,米,17103,千克,209404
58013200,化纤制割绒的灯芯绒,3081,米,1477,千克,45350
58013300,化纤制其他纬起绒织物,56358,米,25462,千克,212505
58013600,化纤制绳绒织物,25904,米,13761,千克,222703
58013710,化纤制不割绒的经起绒...,5042,米,2338,千克,99544
58013720,化纤制割绒的经起绒织...,223746,米,47510,千克,946348
58019010,丝及绢丝制起绒及绳绒...,10,米,2,千克,656
58019090,未列名纺织材料制起绒...,3095,米,1875,千克,34318
58021090,其他棉制毛巾织物及类...,2989,米,765,千克,17344
58022030,化纤制毛巾织物及类似...,38480,米,14235,千克,126509
58023030,棉或麻制簇绒织物,239,米,185,千克,2089
58023040,化纤制簇绒织物,63955,米,11160,千克,615947
58030010,棉制纱罗,7,米,3,千克,128
58030030,化纤制纱罗,7725,米,1010,千克,29808
58041010,丝及绢丝制网眼薄纱及...,45,千克,0,—,84307
58041020,棉制网眼薄纱及其他网...,521,千克,0,—,3223
58041030,化纤制网眼薄纱及其他...,159829,千克,0,—,2379908
58041090,其他纺织材料制网眼薄...,697,千克,0,—,14338
58042100,化纤制机制花边,51413,千克,0,—,2033185
58042920,棉制机制花边,350,千克,0,—,61944
58042990,未列名纺织材料制机制...,338,千克,0,—,12750
58050010,手工针绣嵌花装饰毯,1,平方米,8,千克,10
58050090,“哥白林”，“弗朗德...,23,平方米,43,千克,2857
58061010,棉或麻制狭幅起绒机织...,232,千克,0,—,16962
58061090,其他纺织材料制狭幅起...,25912,千克,0,—,635725
58062000,含弹性纱线或橡胶线≥...,99950,千克,0,—,2151396
58063100,棉制未列名狭幅机织物,8361,千克,0,—,470910
58063200,化纤制未列名狭幅机织...,645271,千克,0,—,10569845
58063910,丝及绢丝制未列名狭幅...,38,千克,0,—,4641
58063920,羊毛或动物细毛制未列...,25,千克,0,—,1174
58063990,其他纺织材料制未列名...,3962,千克,0,—,63309
58064010,棉或麻制粘合成的有经...,54,千克,0,—,1040
58064090,其他纺织材料制粘合成...,10811,千克,0,—,117687
58071000,机织的纺织材料制非绣...,52936,千克,0,—,3304474
58079000,非机织的纺织材料制非...,2052,千克,0,—,142685
58081000,成匹的编带,19313,千克,0,—,323323
58089000,其他非绣制的成匹装饰...,7749,千克,0,—,357845
58090010,衣着等用途金属线及含...,1500,米,12,千克,966
58090020,衣着等用途金属线及含...,10979,米,748,千克,33724
58090090,衣着等用金属线及含金...,740,米,112,千克,50562
58101000,不见底布的刺绣品,5886,千克,0,—,161003
58109100,其他棉制刺绣品,960,千克,0,—,34151
58109200,其他化纤制刺绣品,13019,千克,0,—,962680
58109900,其他纺织材料制刺绣品,564,千克,0,—,70696
58110020,毛制纺织材料与胎料组...,8,千克,0,—,230
58110030,棉制纺织材料与胎料组...,71,千克,0,—,1127
58110040,化纤制纺织材料与胎料...,82982,千克,0,—,1050102
59011010,涂胶或淀粉的棉或麻织...,471,千克,0,—,10821
59011020,涂胶或淀粉的化纤纺织...,1170,千克,0,—,22184
59019010,制成的油画布,55435,千克,0,—,131433
59019091,棉或麻制描图布、作帽...,6736,千克,0,—,31447
59019092,化纤制描图布、作帽里...,21472,千克,0,—,208621
59019099,其他纤维描图布、作帽...,6,千克,0,—,303
59021010,聚酰胺-6（尼龙-6...,40018,千克,0,—,274791
59021020,聚酰胺-6，6（尼龙...,153257,千克,0,—,1390823
59021090,其他尼龙或其他聚酰胺...,57515,千克,0,—,1310982
59022000,聚酯高强力纱制帘子布,183113,千克,0,—,987257
59029000,粘胶纤维高强力纱制帘...,578432,千克,0,—,4934879
59031010,聚氯乙烯浸涂、包覆或...,1725,千克,0,—,40865
59031020,聚氯乙烯浸渍、涂布、...,629230,千克,562362,米,6431967
59031090,其他聚氯乙烯浸涂、包...,484812,千克,0,—,3508067
59032010,聚氨基甲酸酯浸涂、包...,8819,千克,0,—,342366
59032020,聚氨基甲酸酯浸涂、包...,367813,千克,625677,米,7960102
59032090,其他聚氨基甲酸酯浸涂...,1205761,千克,0,—,21269993
59039010,其他塑料浸涂、包覆或...,15674,千克,0,—,148873
59039020,其他塑料浸涂、包覆或...,14921,千克,34900,米,503087
59039090,其他塑料浸涂、包覆或...,1783316,千克,0,—,20419306
59041000,列诺伦（亚麻油地毡）,134733,千克,46309,平方米,315567
59050000,糊墙织物,5405,千克,15500,平方米,286554
59061010,用橡胶处理的纺织物胶...,94812,千克,0,—,968207
59061090,用橡胶处理的其他纺织...,92159,千克,0,—,1041462
59069100,用橡胶处理的针织或钩...,44084,千克,0,—,839541
59069910,其他用橡胶处理的非针...,111861,千克,0,—,1198865
59069990,未列名用橡胶处理的非...,286312,千克,0,—,3177604
59070010,用其他材料浸渍、涂布...,5776,千克,0,—,89408
59070020,用其他材料浸渍、涂布...,1702,千克,0,—,27053
59070090,用其他材料浸渍、涂布...,278014,千克,0,—,5110445
59080000,纺织材料制灯芯、炉芯...,3289,千克,0,—,140844
59090000,纺织材料制的水龙软管...,7397,千克,0,—,328980
59100000,纺织材料制的传动带或...,81377,千克,0,—,2250248
59111010,橡胶浸渍的包覆纺缍（...,5873,千克,0,—,29619
59111090,橡胶、皮革等涂覆或层...,74094,千克,0,—,3224139
59112000,筛布，不论是否制成的,105076,千克,0,—,4154300
59113100,造纸机等用环状或有联...,29728,千克,0,—,2928384
59113200,造纸机等用环状或有联...,108397,千克,0,—,6008855
59114000,榨油机器或类似机器的...,140422,千克,0,—,1828656
59119000,未列名作专门技术用途...,349039,千克,0,—,18143128
60011000,针织或钩编的“长毛绒...,165123,米,101693,千克,613080
60012100,棉制针织或钩编的毛圈...,438252,米,240374,千克,1409278
60012200,化纤制针织或钩编的毛...,525010,米,65677,千克,367882
60012900,其他纺织材料制针织或...,1627,米,717,千克,15328
60019100,棉制针织或钩编的其他...,323854,米,166923,千克,864674
60019200,化纤制针织或钩编的其...,2090111,米,609874,千克,6437584
60019900,其他纺织材料制针织或...,11644,米,2778,千克,36262
60024030,合纤针织钩编物，宽≤...,543766,米,7777,千克,256193
60024090,其他针织钩编织物，宽...,948,米,143,千克,402
60029030,合纤针织钩编织物，宽...,749981,米,8898,千克,139809
60029090,其他针织物钩编织物宽...,1352100,米,15647,千克,111062
60031000,毛针织钩编织物，宽≤...,0,米,0,千克,194
60032000,棉针织钩编织物，宽≤...,10993,米,117,千克,2309
60033000,合纤针织钩编物，宽≤...,1093242,米,7649,千克,392058
60034000,人纤针织钩编物，宽≤...,2134,米,7,千克,1718
60039000,其他针织钩编物，宽≤...,10690,米,396,千克,12966
60041010,棉针织或钩编物，宽＞...,302663,米,89632,千克,821317
60041030,合纤针织钩编物，宽＞...,4434222,米,1356095,千克,17014988
60041040,人纤针织钩编物，宽＞...,82650,米,25043,千克,266239
60041090,其他针织钩编物，宽＞...,99024,米,30756,千克,118738
60049010,其他棉针织钩编物，宽...,136,米,48,千克,1675
60049030,合纤针织钩编物，宽＞...,50110,米,17555,千克,257355
60049040,人纤针织钩编物，宽＞...,16052,米,4733,千克,18751
60049090,其他针织钩编物，宽＞...,2200,米,802,千克,16095
60052100,棉制未漂白或漂白经编...,2,米,1,千克,7
60052200,棉制染色经编织物,45600,米,14922,千克,172372
60052300,棉制色织经编织物,766,米,375,千克,3416
60053500,60章子目注释1所列...,15761,米,1314,千克,25649
60053600,其他合成纤维制未漂白...,2358400,米,154697,千克,1234192
60053700,其他合成纤维制染色经...,3643859,米,730108,千克,8657723
60053800,其他合成纤维制色织经...,100484,米,20998,千克,512426
60053900,其他合成纤维制印花经...,16873,米,3681,千克,82832
60054100,人造纤维制未漂白或漂...,824,米,206,千克,4447
60054200,人造纤维制染色经编织...,13351,米,3396,千克,101622
60054300,人造纤维制色织经编织...,158,米,56,千克,4273
60054400,人造纤维制印花经编织...,25,米,14,千克,554
60059010,羊毛或动物细毛制经编...,52,米,31,千克,1433
60059090,其他纺织材料制经编织...,3043,米,1207,千克,12461
60061000,羊毛或动物细毛制其他...,97865,米,38101,千克,1126833
60062100,棉制未漂白或漂白其他...,670383,米,314151,千克,1926092
60062200,棉制染色其他针织或钩...,2048204,米,750010,千克,5016260
60062300,棉制色织其他针织或钩...,33735,米,15505,千克,154778
60062400,棉制印花其他针织或钩...,45018,米,13800,千克,46495
60063100,合成纤维制未漂白或漂...,537870,米,130477,千克,768217
60063200,合成纤维制染色其他针...,6843416,米,1582729,千克,15861964
60063300,合成纤维制色织其他针...,348455,米,109662,千克,1017259
60063400,合成纤维制印花其他针...,495904,米,139254,千克,798037
60064100,人造纤维制未漂白或漂...,5451,米,2424,千克,93966
60064200,人造纤维制染色其他针...,116502,米,34332,千克,283957
60064300,人造纤维制色织其他针...,40301,米,17525,千克,83901
60064400,人造纤维制印花其他针...,166980,米,32284,千克,127731
60069000,未列名纺织材料制其他...,74563,米,19999,千克,156010
61012000,棉针织或钩编男大衣，...,15600,件,11186,千克,1891452
61013000,化纤针织或钩编男大衣...,99642,件,61339,千克,3687073
61019010,毛针织或钩编男大衣，...,4608,件,2988,千克,1439938
61019090,其他纺材针织钩编男大...,856,件,915,千克,146461
61021000,毛针织或钩编女大衣，...,9775,件,10119,千克,6511821
61022000,棉针织或钩编女大衣，...,8245,件,4408,千克,356871
61023000,化纤针织或钩编女大衣...,138223,件,110187,千克,5787696
61029000,其他材料针织或钩女大...,316,件,413,千克,140349
61031020,合成纤维制针织或钩编...,89,套,90,千克,15876
61031090,其他纺织材料制针织或...,54,套,85,千克,15353
61032200,棉制针织或钩编的男式...,17694,套,5369,千克,176206
61032300,合成纤维制针织或钩编...,308,套,102,千克,2526
61032910,毛制针织或钩编的男式...,18,套,22,千克,19889
61032990,其他纺织材料制针织或...,2,套,1,千克,56
61033100,毛制针织或钩编的男式...,738,件,494,千克,199473
61033200,棉制针织或钩编的男式...,11830,件,9457,千克,857766
61033300,合成纤维制针织或钩编...,9234,件,6145,千克,461063
61033900,其他纺织材料制针织或...,445,件,259,千克,81580
61034100,毛制针织或钩编的男裤,17771,条,4541,千克,2685208
61034200,棉制针织或钩编的男裤,733764,条,338900,千克,13854350
61034300,合成纤维制针织或钩编...,665360,条,262981,千克,12545779
61034900,其他纺织材料制针织或...,6865,条,3304,千克,304857
61041300,合成纤维制针织或钩编...,8,套,16,千克,2589
61042200,棉制针织或钩编的女式...,395,套,220,千克,17055
61042300,合成纤维制针织或钩编...,185,套,103,千克,6938
61042910,毛制针织或钩编的女式...,4,套,2,千克,109
61042990,其他纺织材料制针织或...,73,套,27,千克,4009
61043100,毛制针织或钩编的女式...,4898,件,3172,千克,1905261
61043200,棉制针织或钩编的女式...,28454,件,9364,千克,537511
61043300,合成纤维制针织或钩编...,7286,件,4509,千克,897141
61043900,其他纺织材料制针织或...,3332,件,2316,千克,808896
61044100,毛制针织或钩编的女式...,11816,件,6513,千克,1803375
61044200,棉制针织或钩编的女式...,89383,件,37461,千克,2499945
61044300,合成纤维制针织或钩编...,113512,件,49166,千克,2839501
61044400,人造纤维制针织或钩编...,25662,件,11025,千克,1399452
61044900,其他纺织材料制针织或...,879,件,245,千克,110939
61045100,毛制针织或钩编的女式...,2545,件,868,千克,556105
61045200,棉制针织或钩编的女式...,22897,件,6783,千克,312235
61045300,合成纤维制针织或钩编...,57540,件,16891,千克,1331048
61045900,其他纺织材料制针织或...,10384,件,2472,千克,287367
61046100,毛制针织或钩编的女裤,9179,条,3602,千克,2184670
61046200,棉制针织或钩编的女裤,622652,条,218564,千克,10043874
61046300,合成纤维制针织或钩编...,769817,条,203844,千克,16803484
61046900,其他纺织材料制针织或...,56743,条,19701,千克,1164555
61051000,棉制针织或钩编的男衬...,227309,件,64175,千克,8269223
61052000,化纤制针织或钩编的男...,61242,件,16842,千克,1480103
61059000,其他纺织材料制针织或...,3022,件,952,千克,756321
61061000,棉制针织或钩编的女衬...,93162,件,38248,千克,1216701
61062000,化纤制针织或钩编的女...,22160,件,6596,千克,471021
61069000,其他纺织材料制针织或...,1715,件,535,千克,383979
61071100,棉制针织或钩编的男内...,615397,件,59208,千克,3235619
61071200,化纤制针织或钩编的男...,400665,件,52251,千克,2966180
61071910,丝及绢丝制针织或钩编...,1,件,0,千克,238
61071990,未列名纺织材料制针织...,2,件,0,千克,96
61072100,棉制针织或钩编的男长...,62928,件,7254,千克,154171
61072200,化纤制针织或钩编的男...,5252,件,888,千克,17744
61072910,丝及绢丝制针织或钩编...,3,件,1,千克,719
61079100,棉制针织或钩编的男浴...,40369,件,5312,千克,156161
61079910,化纤制针织或钩编的男...,19478,件,3786,千克,141823
61081100,化纤制针织或钩编的女...,997,件,95,千克,8336
61081910,棉制针织或钩编的女衬...,60,件,10,千克,1993
61082100,棉制针织或钩编的女三...,498881,件,17616,千克,949550
61082200,化纤制针织或钩编的女...,842019,件,19403,千克,2194132
61082910,丝及绢丝制针织或钩编...,347,件,32,千克,14563
61082990,未列名纺材制针织或钩...,3,件,1,千克,30
61083100,棉制针织或钩编的女睡...,101628,件,11332,千克,238168
61083200,化纤制针织或钩编的女...,70970,件,18993,千克,380169
61083910,丝及绢丝制针织或钩编...,1965,件,496,千克,165414
61083990,未列名纺材制针织或钩...,16,件,4,千克,508
61089100,棉制针织或钩编的女浴...,33388,件,3379,千克,114931
61089200,化纤制针织或钩编女浴...,72309,件,7397,千克,346559
61091000,棉制针织或钩编的Ｔ恤...,2029841,件,409513,千克,32039846
61099010,丝及绢丝制针织或钩编...,1408,件,177,千克,258560
61099090,未列名纺材制针织或钩...,867923,件,145153,千克,15363262
61101100,羊毛制针织钩编套头衫...,422706,件,158354,千克,37901762
61101200,喀什米尔山羊细毛制针...,34011,件,13809,千克,14605722
61101910,其他山羊细毛制针织钩...,12888,件,5355,千克,4519704
61101920,兔毛制针织钩编套头衫...,43,件,23,千克,10774
61101990,其他细毛制针织钩编套...,14066,件,5888,千克,1584062
61102000,棉制针织钩编的套头衫...,3288516,件,1498386,千克,81403605
61103000,化纤制针织钩编套头衫...,2259702,件,918068,千克,50384276
61109010,丝及绢丝针织钩编套头...,2349,件,825,千克,1340654
61109090,其他纺材针织钩编套头...,1477,件,623,千克,115649
61112000,棉制针织或钩编的婴儿...,83517,千克,0,—,2548936
61113000,合成纤维制针织或钩编...,17399,千克,0,—,459183
61119010,毛制针织或钩编的婴儿...,380,千克,0,—,114314
61119090,其他材料制针织或钩编...,805,千克,0,—,74952
61121100,棉制针织或钩编的运动...,4146,套,2890,千克,173747
61121200,合成纤维制针织或钩编...,19360,套,11931,千克,376274
61121900,其他纺织材料制针织或...,82,套,80,千克,6408
61122010,棉制针织或钩编的滑雪...,2,套,2,千克,137
61122090,其他纺织材料制针织或...,4,套,3,千克,1584
61123100,合成纤维制针织或钩编...,38699,件,4560,千克,147095
61124100,合成纤维制针织或钩编...,167238,件,5007,千克,321722
61124900,其他纺织材料制针织或...,2109,件,90,千克,5710
61130000,5903、5906或...,42262,件,25112,千克,2037549
61142000,棉制针织或钩编的其他...,109659,件,46850,千克,1712415
61143000,化纤制针织或钩编的其...,687506,件,305079,千克,14551595
61149010,毛制针织或钩编的其他...,5303,件,2725,千克,779990
61149090,其他纺织材料制针织或...,70,件,20,千克,20266
61151000,渐紧压袜类,69119,双,7080,千克,553943
61152100,合纤针或钩织连裤及紧...,47966,双,3574,千克,215517
61152200,合纤针或钩织连裤及紧...,254291,双,33335,千克,451445
61152910,棉制针织或钩编的连裤...,69563,双,8374,千克,451066
61152990,未列名纺织材料针织或...,8748,双,1009,千克,43849
61153000,其他女式长统袜及中统...,48240,双,2334,千克,71228
61159400,毛制其他袜,37435,双,2601,千克,327925
61159500,棉制其他袜,3833705,双,155873,千克,3107628
61159600,合成纤维制其他袜,1200029,双,52964,千克,1799570
61159900,其他纺织材料制其他袜,15705,双,831,千克,54996
61161000,用塑料或橡胶浸渍、涂...,289126,双,11731,千克,394540
61169100,其他羊毛或动物细毛制...,3651,双,362,千克,132541
61169200,其他棉制针织或钩编的...,116666,双,3811,千克,97039
61169300,其他合成纤维制针织或...,264974,双,15081,千克,1128408
61169900,未列名纺织材料制针织...,298,双,67,千克,13449
61171011,山羊绒制针织或钩编披...,3721,条,688,千克,768512
61171019,其他动物细毛制针织或...,518,条,116,千克,37152
61171020,羊毛制针织或钩编披巾...,21336,条,5461,千克,1738168
61171090,针织或钩编披巾、头巾...,133496,条,31508,千克,1284936
61178010,针织或钩编的领带及领...,29,千克,236,条,18748
61178090,针织或钩编的其他衣着...,12907,千克,0,—,923196
61179000,针织或钩编的服装或衣...,33613,千克,0,—,771621
62012000,羊毛或动物细毛制男式...,17799,件,21106,千克,9474473
62013010,棉制男式羽绒服,9680,件,15945,千克,1513148
62013090,棉制男式其他大衣、短...,161978,件,152652,千克,10329348
62014010,化学纤维制男式羽绒服,609255,件,503293,千克,66588584
62014090,化学纤维制男式其他大...,636539,件,486856,千克,38096441
62019000,其他纺织材料制男式大...,358,件,246,千克,125455
62022000,羊毛或动物细毛制女式...,73741,件,97169,千克,37330038
62023010,棉制女式羽绒服,3865,件,5346,千克,1632923
62023090,棉制女式其他大衣、短...,69560,件,64262,千克,16740494
62024010,化学纤维制女式羽绒服,658379,件,471525,千克,74012867
62024090,化学纤维制女式其他大...,379491,件,292120,千克,32207013
62029000,其他纺织材料制女式大...,299,件,249,千克,235454
62031100,毛制男式西服套装,2691,套,3191,千克,1580666
62031200,合成纤维制男式西服套...,1428,套,2221,千克,35328
62031910,丝及绢丝制男式西服套...,2,套,2,千克,3915
62031990,未列名纺织材料制男式...,237,套,289,千克,85778
62032200,棉制男式便服套装,659,套,721,千克,35595
62032300,合成纤维制男式便服套...,2664,套,2798,千克,66752
62032910,丝及绢丝制男式便服套...,2,套,0,千克,286
62032920,毛制男式便服套装,70,套,83,千克,86862
62033100,毛制男式上衣,24569,件,21690,千克,7972469
62033200,棉制男式上衣,69291,件,52749,千克,4272634
62033300,合成纤维制男式上衣,30650,件,25251,千克,2105431
62033910,丝及绢丝制男式上衣,68,件,32,千克,18890
62033990,未列名纺织材料制男式...,2039,件,1491,千克,455252
62034100,毛制男裤,17847,条,8703,千克,3162173
62034290,棉制其他男裤,790340,条,452641,千克,20427920
62034310,合成纤维制阿拉伯裤,6,条,3,千克,255
62034390,合成纤维制其他男裤,713447,条,258538,千克,15732126
62034990,其他纺织材料制其他男...,7206,条,3394,千克,470486
62041100,毛制女式西服套装,13,套,12,千克,2984
62041200,棉制女式西服套装,8,套,6,千克,1685
62041300,合成纤维制女式西服套...,228,套,225,千克,6848
62042200,棉制女式便服套装,4590,套,1496,千克,43757
62042300,合成纤维制女式便服套...,2671,套,1661,千克,23067
62042910,丝及绢丝制女式便服套...,3,套,3,千克,469
62042990,未列名纺织材料制女式...,40,套,62,千克,67532
62043100,毛制女式上衣,35197,件,25240,千克,10815077
62043200,棉制女式上衣,269341,件,172754,千克,6484683
62043300,合成纤维制女式上衣,204840,件,144219,千克,5674645
62043910,丝及绢丝制女式上衣,773,件,244,千克,275047
62043990,未列名纺织材料制女式...,8473,件,5726,千克,953381
62044100,毛制女式连衣裙,4049,件,2446,千克,1744132
62044200,棉制女式连衣裙,73721,件,31644,千克,4472999
62044300,合成纤维制女式连衣裙,237757,件,111436,千克,5822722
62044400,人造纤维制女式连衣裙,68879,件,24941,千克,3332849
62044910,丝及绢丝制女式连衣裙,4814,件,1919,千克,2335941
62044990,未列名纺织材料制女式...,1560,件,603,千克,282083
62045100,细毛制女式裙子及裙裤,12189,件,4770,千克,3130835
62045200,棉制女式裙子及裙裤,67223,件,26653,千克,2659297
62045300,合成纤维制女式裙子及...,267371,件,103211,千克,4523310
62045910,丝及绢丝制女式裙子及...,1295,件,456,千克,942982
62045990,未列名纺织材料制女式...,17504,件,5182,千克,738623
62046100,细毛制女裤,21507,条,9832,千克,3129749
62046200,棉制女裤,942943,条,465275,千克,17151255
62046300,合成纤维制女裤,460551,条,210097,千克,8397602
62046900,其他纺织材料制女裤,35765,条,16219,千克,2062523
62052000,棉制男衬衫,384885,件,141900,千克,16439433
62053000,化纤制男衬衫,30706,件,11651,千克,1134384
62059010,丝及绢丝制男衬衫,1639,件,490,千克,820021
62059020,毛制男衬衫,3366,件,1207,千克,789250
62059090,未列名纺织材料制男衬...,2637,件,758,千克,122996
62061000,丝及绢丝制女衬衫,10788,件,2471,千克,2875274
62062000,毛制女衬衫,1118,件,367,千克,160208
62063000,棉制女衬衫,106942,件,29418,千克,5401573
62064000,化纤制女衬衫,117776,件,28660,千克,2345922
62069000,其他纺织材料制女衬衫,1219,件,312,千克,103070
62071100,棉制男内裤,21008,件,3080,千克,205394
62071910,丝及绢丝制男内裤,83,件,5,千克,4653
62071920,化纤制男内裤,1121,件,101,千克,9533
62071990,未列名纺织材料制男内...,91,件,30,千克,3190
62072100,棉制男睡衣及睡衣裤,7476,件,2202,千克,61358
62072200,化纤制男睡衣及睡衣裤,215,件,49,千克,6316
62072910,丝及绢丝制男睡衣及睡...,202,件,38,千克,66899
62079100,棉制其他男内衣、浴衣...,21111,件,7181,千克,471802
62079910,丝及绢丝制其他男内衣...,47,件,9,千克,12051
62079920,化纤制其他男内衣、浴...,4814,件,970,千克,115207
62079990,未列名纺织材料制其他...,90,件,26,千克,10425
62081100,化纤制女衬裙,687,件,106,千克,8743
62081910,丝及绢丝制女衬裙,5,件,0,千克,68
62082100,棉制女睡衣及睡衣裤,123398,件,25882,千克,881274
62082200,化纤制女睡衣及睡衣裤,80522,件,21533,千克,976871
62082910,丝及绢丝制女睡衣及睡...,2369,件,400,千克,293852
62082990,未列名纺织材料制女睡...,54,件,11,千克,611
62089100,棉制其他女内衣、短衬...,13938,件,3873,千克,198477
62089200,化纤制其他女内衣、短...,14979,件,1369,千克,188537
62089910,丝及绢丝其他女内衣、...,542,件,99,千克,32773
62089990,未列名材料其他女内衣...,120,件,39,千克,15998
62092000,棉制婴儿服装及衣着附...,5978,千克,0,—,412848
62093000,合成纤维制婴儿服装及...,2198,千克,0,—,260677
62099010,毛制婴儿服装及衣着附...,41,千克,0,—,39484
62099090,其他纺织材料制婴儿服...,274,千克,0,—,24191
62101030,化纤毡呢或无纺织物制...,589842,件,120479,千克,1175711
62101090,其他纺织材料毡呢或无...,35,件,8,千克,698
62102000,用品目59.03、5...,38091,件,26161,千克,3246077
62103000,用品目59.03、5...,43899,件,40169,千克,3082353
62104000,用品目59.03、5...,87655,件,94732,千克,5397444
62105000,用品目59.03、5...,46626,件,32777,千克,1432003
62111100,男式游泳服,2417,件,411,千克,153433
62111200,女式游泳服,781,件,68,千克,25538
62112090,其他纺织材料制滑雪套...,1851,套,1816,千克,474105
62113220,棉制其他男式运动服,773,套,898,千克,21851
62113290,棉制其他男式服装,28640,件,19001,千克,2494709
62113320,化学纤维制其他男式运...,2948,套,2386,千克,83615
62113390,化学纤维制其他男式服...,319205,件,200975,千克,16444033
62113910,丝及绢丝制其他男式服...,143,件,63,千克,82632
62113920,毛制其他男式服装,5817,件,4725,千克,3343993
62113990,未列名纺织材料制其他...,552,件,469,千克,38999
62114210,棉制其他女式运动服,111,套,78,千克,1659
62114290,棉制其他女式服装,207942,件,110527,千克,3615665
62114310,化纤制其他女式运动服,89,套,38,千克,8955
62114390,化纤制其他女式服装,217131,件,101964,千克,8488323
62114910,丝及绢丝制其他女式服...,2512,件,849,千克,1079102
62114990,未列名纺织材料制其他...,5250,件,2659,千克,2095085
62121010,化纤制胸罩,4943281,件,161004,千克,15239797
62121090,其他纺织材料制胸罩,99825,件,8366,千克,1302059
62122010,化纤制腹带,10076,件,1190,千克,69082
62122090,其他纺织材料制腹带,397,件,142,千克,65674
62123010,化纤制紧身胸衣,9698,件,300,千克,68442
62123090,其他纺织材料制紧身胸...,154,件,24,千克,18636
62129010,化纤制吊裤带、吊袜带...,288838,件,26652,千克,263837
62129090,其他纺织材料制吊裤带...,98441,件,885,千克,20780
62132010,棉制刺绣手帕,4,条,0,千克,177
62132090,其他棉制手帕,8666,条,431,千克,21872
62139090,其他纺织材料制其他手...,3042,条,162,千克,128681
62141000,丝及绢丝制披巾、头巾...,28078,条,3632,千克,4663325
62142010,羊毛披巾，头巾，围巾...,98347,条,20882,千克,11095463
62142020,山羊绒披巾，头巾，围...,43832,条,11025,千克,10177922
62142090,其他动物细毛披巾，头...,3513,条,880,千克,319274
62143000,合成纤维制披巾、围巾...,61608,条,9523,千克,662078
62144000,人造纤维披巾、头巾、...,3599,条,522,千克,88615
62149000,其他纺织材料制披巾，...,9478,条,2032,千克,158085
62151000,丝及绢丝制领带及领结,9336,条,837,千克,630867
62152000,化纤制领带及领结,7828,条,794,千克,12745
62159000,其他纺织材料制领带及...,1155,条,99,千克,61957
62160000,分指手套、连指手套及...,187710,双,21429,千克,1186692
62171010,袜子及袜套,171,千克,2107,双,10155
62171020,和服腰带,3620,千克,8429,条,41429
62171090,未列名制成的衣着附件,12295,千克,0,—,5320949
62179000,服装或衣着附件的零件,10005,千克,0,—,504612
63011000,电暖毯,1056,条,2062,千克,70977
63012000,羊毛或动物细毛制毯子...,4049,条,4836,千克,2093301
63013000,棉制毯子及旅行毯,14827,条,10614,千克,161183
63014000,合成纤维制毯子及旅行...,110636,条,39786,千克,296212
63019000,其他纤维制毯子及旅行...,1839,条,1069,千克,35695
63021010,棉制针织或钩编的床上...,28968,条,20643,千克,125557
63021090,其他纺织材料制针织或...,566,条,284,千克,4689
63022110,棉制印花床单,14148,条,9005,千克,141624
63022190,棉制未列名印花床上用...,90785,条,65778,千克,1048174
63022210,化纤制印花床单,250,条,298,千克,700
63022290,化纤制未列名印花床上...,6781,条,6943,千克,85448
63022910,丝及绢丝制印花床上用...,12,条,7,千克,570
63022920,麻制印花床上用织物制...,63,条,39,千克,1061
63022990,未列名纺织材料制印花...,150,条,51,千克,1885
63023110,棉制刺绣的床上用织物...,1266,条,638,千克,27834
63023191,其他棉制床单,5812,条,3409,千克,66558
63023192,棉制毛巾被,127,条,51,千克,2498
63023199,棉制未列名非针织或钩...,24805,条,13040,千克,582116
63023290,化纤制未列名非针织或...,19931,条,2298,千克,44142
63023910,丝及绢丝制非针织或钩...,974,条,303,千克,17296
63023921,麻制刺绣的床上用织物...,12,条,13,千克,245
63023929,麻制其他非针织或钩编...,223,条,102,千克,19391
63023999,未列名纺材制非针织或...,7959,条,1313,千克,21433
63024090,非手工针织或钩编的餐...,56,件,23,千克,350
63025110,棉制刺绣的餐桌用织物...,922,件,192,千克,6819
63025190,棉制其他非针织或钩编...,257731,件,19207,千克,217822
63025310,化纤制刺绣的餐桌用织...,10,件,4,千克,26
63025390,化纤制其他非针织或钩...,40641,件,11582,千克,77201
63025911,亚麻制刺绣的餐桌用织...,240,件,69,千克,21678
63025919,亚麻制其他非针织或钩...,540,件,341,千克,13090
63025990,其他纺织材料制非针织...,18173,件,702,千克,2141
63026010,棉制浴巾,252681,条,74899,千克,1008435
63026090,其他棉制盥洗及厨房毛...,2343168,条,199694,千克,1896844
63029100,其他棉制盥洗及厨房用...,282022,条,14357,千克,168348
63029300,化纤制盥洗及厨房用织...,481678,条,16005,千克,364218
63029910,亚麻制盥洗及厨房用织...,150,条,8,千克,1062
63029990,其他纺织材料制盥洗及...,18384,条,861,千克,9521
63031210,合成纤维制针织的窗帘...,12509,千克,0,—,73049
63031931,棉制针织的窗帘、帐幔...,1897,千克,0,—,1598
63039100,棉制非针织或钩编的窗...,23491,千克,0,—,273389
63039200,合纤非针织或钩编的窗...,77744,千克,0,—,1416322
63039900,其他纺材非针织或钩编...,5725,千克,0,—,70243
63041121,手工针织的床罩,2,件,3,千克,273
63041129,非手工针织的床罩,4404,件,5700,千克,40162
63041921,棉或麻制刺绣床罩,25,件,31,千克,668
63041929,棉或麻制其他非针织或...,9106,件,13123,千克,118006
63041939,化纤制其他非针织或钩...,211624,件,25051,千克,175773
63041999,其他纺织材料制未列名...,36,件,26,千克,3229
63042010,手工制蚊帐，本章注释...,1,件,1,千克,79
63042090,非手工制蚊帐，本章注...,1,件,0,千克,14
63049121,手工针织的其他装饰用...,3918,千克,0,—,42594
63049129,非手工针织的其他装饰...,4666,千克,0,—,238712
63049131,手工钩编的其他装饰用...,24,千克,0,—,1650
63049210,棉制刺绣的其他装饰用...,1451,千克,0,—,16320
63049290,棉制非针织或钩编的未...,21749,千克,0,—,291524
63049310,合成纤维制刺绣的其他...,2,千克,0,—,428
63049390,合纤制非针织或钩编的...,25445,千克,0,—,634260
63049910,丝及绢丝制非针织或钩...,10,千克,0,—,4998
63049921,麻制刺绣的其他装饰用...,5,千克,0,—,407
63049929,麻制非针织或钩编的其...,157,千克,0,—,17015
63049990,其他纺材制非针织或钩...,1524,千克,0,—,90037
63051000,黄麻等5303的韧皮...,140300,条,94981,千克,126475
63052000,棉制货物包装用袋,120914,条,7743,千克,154015
63053200,化学纤维材料制散装货...,5235,条,21390,千克,259409
63053300,其他聚乙烯、聚丙烯扁...,1661658,条,168664,千克,428350
63053900,其他化学纤维材料制货...,1125670,条,19643,千克,511235
63059000,其他纺织材料制货物包...,18203,条,388,千克,22788
63061200,合成纤维制油苫布、天...,1414,件,16571,千克,221121
63061920,棉制油苫布、天蓬及遮...,51,件,221,千克,19346
63061990,其他纺织材料制油苫布...,317,件,7805,千克,111508
63062200,合成纤维制帐蓬（包括...,42109,件,153364,千克,1324248
63062910,棉制帐蓬,301,件,6453,千克,145130
63063010,合成纤维制风帆,765,件,1700,千克,39653
63064020,化纤制充气褥垫,166,件,530,千克,24032
63064090,其他纺织材料制充气褥...,5,件,101,千克,8757
63069010,棉制其他野营用品,684,件,478,千克,2442
63069030,化纤制其他野营用品,1126,件,746,千克,22845
63069090,其他纺织材料制未列名...,3001,件,478,千克,10473
63071000,擦地布、擦碗布、抹布...,111605,千克,0,—,1842741
63072000,救生衣及安全带,25312,千克,79527,件,994243
63079010,口罩,106310,千克,14373962,个,2661349
63079090,第一分章的未列名制成...,367122,千克,56642350,个,10982528
63080000,机织物及纱线构成制小...,3286,千克,0,—,162319
64011010,橡胶制鞋面的装有金属...,2093,千克,1065,双,33888
64011090,塑料制鞋面的装有金属...,26,千克,9,双,1231
64019210,橡胶制鞋面的防水靴(...,5756,千克,5500,双,188660
64019290,塑料制鞋面的防水靴(...,3507,千克,3402,双,49244
64019900,其他橡或塑外底及鞋面...,146,千克,130,双,11027
64021200,滑雪靴、越野滑雪靴及...,137085,千克,47039,双,2931660
64021900,橡胶或塑料制外底及鞋...,99032,千克,142420,双,3964885
64022000,用栓塞法装配橡胶或塑...,72890,千克,259262,双,1031691
64029100,其他橡胶或塑料制外底...,178249,千克,199878,双,6216362
64029910,橡胶制鞋面的其他鞋靴,5755,千克,7590,双,590716
64029921,以机织物或其他纺织材...,276350,千克,377775,双,8363726
64029929,未列名塑料制鞋面的鞋...,1402648,千克,2141282,双,48223004
64031200,橡、塑、革外底，皮革...,8,千克,3,双,796
64031900,橡、塑或革外底，皮革...,73665,千克,83300,双,6152043
64032000,皮革外底，脚背交叉绕...,341,千克,432,双,53455
64034000,其他橡，塑，革外底的...,1233,千克,894,双,15772
64035111,过踝但低于小腿的皮革...,9666,千克,7262,双,2729950
64035119,过踝但低于小腿的皮革...,7732,千克,5598,双,1444903
64035191,皮革制外底及鞋面的其...,3304,千克,1924,双,1097311
64035199,其他皮革制外底及鞋面...,2557,千克,1743,双,468963
64035900,其他皮革制外底及鞋面...,55799,千克,58949,双,16441688
64039111,过脚踝但低于小腿的橡...,541260,千克,716826,双,21643728
64039119,过脚踝但低于小腿的橡...,1406636,千克,1410056,双,47422927
64039191,橡胶、塑料或再生皮革...,11186,千克,7306,双,2288963
64039199,橡胶、塑料或再生皮革...,12555,千克,9477,双,1399175
64039900,其他橡、塑或再生皮革...,4402595,千克,5668677,双,166945170
64041100,橡或塑外底，纺织材料...,554064,千克,648899,双,20772594
64041910,橡胶或塑料制外底，纺...,26484,千克,64001,双,1212237
64041990,橡胶或塑料制外底，纺...,2641239,千克,3867716,双,113909208
64042010,皮革或再生皮革制外底...,363,千克,478,双,177628
64042090,皮革或再生皮革制外底...,14789,千克,15689,双,4767238
64051010,橡胶、塑料等制外底，...,11235,千克,11475,双,871629
64051090,其他材料制外底，其他...,4070,千克,5749,双,409863
64052000,其他纺织材料制鞋面的...,7216,千克,9265,双,888648
64059010,其他橡胶、塑料或再生...,4346,千克,4404,双,1478209
64059090,未列名鞋靴,857,千克,785,双,61801
64061000,鞋面及其零件，但硬衬...,168613,千克,3490965,个,9365929
64062010,橡胶制的鞋外底及鞋跟,87906,千克,1033926,个,916845
64062020,塑料制的鞋外底及鞋跟,129686,千克,1513662,个,3535321
64069091,其他材料制活动式鞋内...,30730,千克,1502862,个,883188
64069092,其他材料制护腿、裹腿...,2990,千克,80531,个,308489
64069099,其他材料制未列名鞋靴...,397064,千克,26777608,个,13142868
65020000,编结的帽坯或用任何材...,11,千克,0,—,2525
65040000,编结帽或用任何材料的...,56121,个,5048,千克,60387
65050010,发网,338702,个,1122,千克,15163
65050020,钩编的帽类,6564,个,1151,千克,50946
65050091,用品目65.01的帽...,2315,个,668,千克,82084
65050099,针织的帽类及用成匹的...,1139710,个,75272,千克,11453476
65061000,安全帽,60071,个,89808,千克,6637428
65069100,橡胶或塑料制帽类,95240,个,2604,千克,183093
65069910,皮革制帽类,986,个,170,千克,178870
65069920,毛皮制帽类,485,个,184,千克,124318
65069990,未列名材料制帽类,3484344,个,26987,千克,261492
65070000,帽圈、帽衬、帽套、帽...,20925,千克,0,—,1216401
66011000,庭园用伞及类似伞,30733,千克,1919,把,191586
66019100,折叠伞,6042,千克,25226,把,244491
66019900,其他雨伞及阳伞,14394,千克,39202,把,327067
66020000,手杖、带座手杖、鞭子...,5141,千克,17626,把,253847
66032000,伞骨、包括装在伞柄上...,0,千克,0,—,10
66039000,伞、手杖、鞭子及类似...,1938,千克,0,—,36193
67010000,带羽毛或羽绒的鸟皮等...,851,千克,0,—,17393
67021000,塑料制人造花、叶、果...,23532,千克,0,—,95690
67029020,丝及绢丝制人造花、叶...,1,千克,0,—,11461
67029030,化纤制人造花、叶、果...,262,千克,0,—,109702
67029090,未列名材料制人造花、...,2889,千克,0,—,197286
67030000,经加工的人发；作假发...,757532,千克,0,—,75638574
67041100,合成纺织材料制整头假...,3009,千克,0,—,34835
67041900,合成纺织材料制假发，...,57612,千克,0,—,381579
67042000,人发制假发，胡须，眉...,14544,千克,0,—,1165413
67049000,其他材料制假、假胡须...,2449,千克,0,—,150734
68010000,天然石料制的长方砌石...,55292,千克,0,—,27673
68021010,大理石制砖、瓦、方块...,55,千克,0,—,1953
68022110,大理石碑石或建筑用石...,1153417,千克,0,—,357254
68022190,蜡石碑石或建筑用石及...,22,千克,0,—,531
68022300,花岗岩碑石或建筑用石...,140200,千克,0,—,26675
68022910,其他石灰石碑石或建筑...,27007,千克,0,—,6444
68022990,其他碑石或建筑用石及...,928450,千克,0,—,151177
68029110,大理石、石灰华及蜡石...,110,千克,0,—,3302
68029190,未列名已加工大理石、...,383971,千克,0,—,1290984
68029290,未列名已加工石灰石制...,78530,千克,0,—,17942
68029319,其他花岗岩石刻,23533,千克,0,—,22159
68029390,未列名已加工花岗岩制...,3669845,千克,0,—,635821
68029910,未列名石刻,905,千克,0,—,1393
68029990,未列名已加工石制品,104137,千克,0,—,442953
68030010,已加工的板岩及其制品,182,千克,0,—,707
68030090,粘聚板岩的制品,1567,千克,0,—,10401
68041000,碾磨或磨浆用石磨、石...,509,千克,0,—,77585
68042110,粘聚合成或天然金刚石...,55037,千克,0,—,8214893
68042190,粘聚合成或天然金刚石...,34037,千克,0,—,14394313
68042210,其他粘聚磨料或陶瓷制...,693576,千克,0,—,11889597
68042290,其他粘聚磨料或陶瓷制...,80175,千克,0,—,2838845
68042310,天然石料制砂轮及其零...,8183,千克,0,—,204441
68042390,天然石料制石磨、石碾...,2074,千克,0,—,79610
68043010,手用琢磨油石,5253,千克,0,—,287254
68043090,其他手用磨石及抛光石,9988,千克,0,—,468262
68051000,砂布,549308,千克,0,—,5213525
68052000,砂纸,345643,千克,0,—,4085177
68053000,以其他材料为底的天然...,252522,千克,0,—,8334427
68061010,硅酸铝纤维及其制品，...,247524,千克,0,—,3231533
68061090,其他矿渣棉、岩石棉及...,430731,千克,0,—,2031986
68062000,膨胀矿物材料（包括其...,28924,千克,0,—,98517
68069000,其他隔热、隔、吸音矿...,241998,千克,0,—,2304477
68071000,成卷的沥青或类似原料...,283437,千克,0,—,588677
68079000,其他沥青或类似原料的...,467002,千克,0,—,555516
68080000,镶板、瓦、砖等，用水...,64659,千克,0,—,39708
68091100,仅用纸、纸板贴面或加...,63664,千克,0,—,20513
68091900,其他未装饰的石膏及以...,503996,千克,0,—,524267
68099000,其他石膏制品及以石膏...,88841,千克,0,—,1824116
68101100,水泥、混凝土或人造石...,43934,千克,0,—,20028
68101910,人造石制瓦、扁平石及...,1128427,千克,0,—,1220499
68101990,水泥、混凝土制瓦、扁...,618782,千克,0,—,297141
68109110,钢筋混凝土和预应力混...,600,千克,0,—,3376
68109190,其他水泥等制建筑和土...,1266,千克,0,—,11445
68109990,未列名水泥、混凝土或...,1393881,千克,0,—,3236531
68114020,含石棉的其他片、板、...,142674,千克,0,—,34945
68114090,其他含石棉制品,20,千克,0,—,6801
68118200,纤维素水泥或类似材料...,350659,千克,0,—,554655
68118910,纤维素水泥或类似材料...,0,千克,0,—,73
68118990,纤维素水泥或类似材料...,27155,千克,0,—,213529
68128000,已加工青石棉纤维及青...,6,千克,0,—,1024
68129100,石棉制服装、衣着附件...,86,千克,0,—,6223
68129910,石棉制纸、麻丝板及毡...,4,千克,0,—,1511
68129920,成片或成卷的压缩石棉...,10,千克,0,—,1892
68129990,其他已加工的石棉纤维...,3606,千克,0,—,265572
68132010,以石棉为基本成分的闸...,83,千克,0,—,11953
68132090,以石棉为基本成分其他...,2561,千克,0,—,241050
68138100,以其他矿物质或纤维素...,34454,千克,0,—,593526
68138900,其他矿物质或纤维素为...,130597,千克,0,—,4416803
68141000,粘聚或复制云母制板、...,51451,千克,0,—,934482
68149000,其他已加工的云母及其...,19811,千克,0,—,594339
68151100,碳纤维,705343,千克,0,—,14477682
68151200,碳纤维织物,70608,千克,0,—,4843088
68151310,碳纤维预浸料,255189,千克,0,—,18411547
68151390,未列名非电气用的碳纤...,986970,千克,0,—,26527528
68151900,其他非电气用的石墨或...,180956,千克,0,—,22749715
68159100,含有菱镁矿、白云石或...,82,千克,0,—,4820
68159940,玄武岩纤维及其制品,970,千克,0,—,150
68159990,未列名石制品及其他矿...,415589,千克,0,—,1938155
69010000,硅质化石粉等硅土砖、...,16463,千克,0,—,137301
69021000,镁、钙或铬单项或合计...,99922,千克,0,—,521966
69022000,氧化铝或氧化硅等＞5...,418571,千克,0,—,2567822
69029000,其他耐火砖、块、瓦及...,24043,千克,0,—,231711
69031000,含有按重量计超过51...,382,千克,0,—,357404
69032000,氧化铝或与氧化硅混，...,686352,千克,0,—,6101339
69039000,其他耐火陶瓷制品,138022,千克,0,—,14495237
69041000,陶瓷建筑用砖,3932,千克,0,千块,11142
69049000,陶瓷制铺地砖、支撑或...,400,千克,0,—,1860
69051000,陶瓷制屋顶瓦,546422,千克,0,—,118626
69060000,陶瓷套管、导管、槽管...,9741,千克,0,—,986333
69072190,其他贴面砖、铺面砖，...,6099395,千克,341793,平方米,10855094
69072210,贴面砖、铺面砖，包括...,36,千克,1,平方米,14853
69072290,其他贴面砖、铺面砖，...,231885,千克,12470,平方米,201132
69072390,其他贴面砖、铺面砖，...,394593,千克,22111,平方米,743653
69073090,其他镶嵌砖（马赛克）...,17285,千克,885,平方米,53042
69074090,其他饰面陶瓷,86560,千克,4524,平方米,241521
69091100,实验室、化学或其他技...,42559,千克,0,—,7125765
69091200,莫氏硬度≥9的实验室...,86266,千克,0,—,20439615
69091900,其他实验室、化学或其...,764263,千克,0,—,18977843
69099000,农用陶瓷槽缸等容器；...,596,千克,0,—,8319
69101000,瓷制固定卫生设备,1835941,千克,89450,件,6185501
69109000,陶制固定卫生设备,269559,千克,9918,件,1157759
69111011,骨瓷餐具,40621,千克,0,—,1345667
69111019,其他瓷制餐具,1058657,千克,0,—,6319354
69111021,瓷制厨房刀具,3952,千克,0,—,391676
69111029,瓷制其他厨房器具,15574,千克,0,—,249539
69119000,其他家用或盥洗用瓷器,11754,千克,0,—,168510
69120010,陶餐具,198988,千克,0,—,2712010
69120090,陶制厨房器具及其他家...,71046,千克,0,—,353546
69131000,瓷制塑像及其他装饰品,707894,千克,0,—,1591057
69139000,陶制塑像及其他装饰品,40716,千克,0,—,420543
69141000,未列名瓷制品,165070,千克,0,—,9644881
69149000,未列名陶制品,204786,千克,0,—,4154430
70010010,无色光学玻璃块料,43061,千克,0,—,2103404
70010090,碎玻璃及废玻璃，来源...,91543,千克,0,—,5591807
70021000,未加工的玻璃球,2108,千克,0,—,16115
70022010,光导纤维预制棒,19295,千克,0,—,5780002
70022090,其他未加工的玻璃棒,12763,千克,0,—,874603
70023110,熔融石英等熔融硅石制...,82087,千克,0,—,9579254
70023190,熔融石英等熔融硅石制...,63551,千克,0,—,2048876
70023200,其他未加工的耐热玻璃...,1596409,千克,0,—,4514882
70023900,未列名未加工的玻璃管,1496760,千克,0,—,4095750
70031200,铸或轧制整块着色等加...,294442,千克,31937,平方米,4009647
70031900,其他铸制或轧制的非夹...,21165198,千克,13857312,平方米,188421747
70032000,铸制或轧制的夹丝玻璃...,0,千克,0,平方米,107
70033000,铸制或轧制的玻璃型材...,697,千克,525,平方米,56404
70042000,拉制或吹制的整块着色...,136,千克,12,平方米,3548
70049000,其他拉制或吹制的玻璃...,51239,千克,34387,平方米,2327559
70051000,具有吸收或反射层的非...,123881,千克,12350,平方米,330635
70052100,整块着色、不透明、镶...,742625,千克,94404,平方米,2230993
70052900,其他非夹丝浮法玻璃板...,28960486,千克,9952549,平方米,81416729
70053000,夹丝浮法玻璃板、片及...,30,千克,1,平方米,11433
70060000,经弯曲、磨边、镂刻等...,8485307,千克,0,—,76549664
70071110,航空器、航天器及船舶...,1690,千克,0,—,288606
70071190,车辆用钢化安全玻璃,70752,千克,0,—,1057393
70071900,其他钢化安全玻璃,337513,千克,58496,平方米,4247015
70072110,航空器、航天器及船舶...,807,千克,0,—,688644
70072190,车辆用层压安全玻璃,260930,千克,0,—,4143671
70072900,其他层压安全玻璃,16840,千克,356,平方米,242098
70080010,中空或真空隔温、隔音...,129523,千克,0,—,1649221
70080090,其他多层隔温、隔音玻...,20,千克,0,—,675
70091000,车辆后视镜,464854,千克,0,—,38678898
70099100,未镶框玻璃镜,108422,千克,0,—,398393
70099200,已镶框玻璃镜,89808,千克,0,—,4297345
70101000,玻璃制安瓿,6039,千克,0,—,106301
70102000,玻璃塞、盖及类似的封...,1423,千克,0,—,44899
70109010,玻璃制坛、瓶、缸、罐...,71714,千克,0,—,193440
70109020,玻璃制坛、瓶、缸等容...,164380,千克,0,—,360532
70109030,玻璃制坛、瓶、缸等容...,81903,千克,0,—,144336
70109090,玻璃制坛、瓶、缸等容...,708351,千克,0,—,3237718
70111000,制电灯用未封口玻璃外...,21079,千克,0,—,429850
70119090,未列名未封口玻璃外壳...,949,千克,0,—,110078
70131000,玻璃陶瓷器皿,23170,千克,0,—,215188
70132200,铅晶质玻璃高脚杯,7250,千克,0,—,474645
70132800,其他玻璃高脚杯,101031,千克,0,—,1273247
70133300,其他铅晶质玻璃杯,22748,千克,0,—,683357
70133700,其他玻璃杯,312062,千克,0,—,1379569
70134100,铅晶质玻璃制餐桌或厨...,3020,千克,0,—,158251
70134200,其他餐桌或厨房用耐热...,141080,千克,0,—,1503405
70134900,其他餐桌或厨房用玻璃...,131620,千克,0,—,872711
70139100,铅晶质玻璃盥洗室、办...,10634,千克,0,—,1343441
70139900,其他玻璃盥洗室、办公...,108832,千克,0,—,1044210
70140010,光学仪器用未经光学加...,81848,千克,0,—,4067487
70140090,未经光学加工的信号玻...,41496,千克,0,—,4039353
70151010,视力矫正眼镜用变色镜...,27,千克,0,—,258
70151090,其他视力矫正眼镜用玻...,244,千克,0,—,2440
70159010,钟表玻璃,3799,千克,0,—,1223779
70159090,未列名未经光学加工呈...,22041,千克,0,—,309445
70161000,供镶嵌装饰等用的玻璃...,2267,千克,0,—,67395
70169010,花饰铅条窗玻璃及类似...,254,千克,0,—,5147
70169090,未列名建筑铺面用及多...,765664,千克,0,—,358609
70171000,熔融石英等熔融硅石制...,1341,千克,0,—,1040101
70172000,其他实验室、卫生及配...,32451,千克,0,—,2650299
70179000,其他实验室、卫生及配...,51642,千克,0,—,4150153
70181000,玻璃珠、仿珍珠、仿宝...,20415,千克,0,—,4339050
70182000,直径≤1mm的玻璃珠,942437,千克,0,—,3842536
70189000,玻璃眼；灯工方法制作...,2842,千克,0,—,103161
70191100,长度不超过50毫米的...,3447103,千克,0,—,6994494
70191200,玻璃纤维无捻粗纱,421837,千克,0,—,1074895
70191300,其他玻璃纤维纱线，定...,25870,千克,0,—,586274
70191400,玻璃纤维制机械结合毡,7697,千克,0,—,62454
70191500,玻璃纤维制化学结合毡,24058,千克,0,—,312680
70191900,长度超过50毫米的玻...,938726,千克,0,—,4071406
70196100,玻璃纤维紧密粗纱机织...,65168,千克,0,—,217480
70196200,其他玻璃纤维紧密粗纱...,5548,千克,0,—,191173
70196310,宽度不超过30厘米的...,4651,千克,0,—,110823
70196320,宽度超过30厘米的玻...,172816,千克,0,—,8572683
70196390,其他玻璃纤维纱线制紧...,503391,千克,0,—,2158826
70196410,宽度不超过30厘米的...,4113,千克,0,—,415808
70196490,宽度超过30厘米的玻...,45909,千克,0,—,993216
70196510,宽度不超过30厘米的...,1172,千克,0,—,38827
70196590,宽度不超过30厘米的...,334,千克,0,—,4731
70196610,宽度超过30厘米的玻...,60,千克,0,—,8624
70196690,宽度超过30厘米的其...,613,千克,0,—,10321
70196910,机械结合的玻璃纤维制...,13687,千克,0,—,499045
70196920,机械结合的玻璃纤维制...,45118,千克,0,—,742991
70196930,宽度不超过30厘米的...,2889,千克,0,—,118933
70196990,未列名机械结合的玻璃...,84560,千克,0,—,1212225
70197100,化学粘合的玻璃纤维覆...,76146,千克,0,—,490634
70197210,化学粘合的玻璃纤维制...,84315,千克,0,—,276815
70197290,其他化学粘合的玻璃纤...,24432,千克,0,—,434227
70198010,玻璃棉制垫,183746,千克,0,—,920041
70198020,玻璃棉制纤维网、板及...,28881,千克,0,—,692119
70198090,玻璃棉及其他玻璃棉制...,337461,千克,0,—,3187919
70199021,玻璃纤维布浸胶制品，...,242226,千克,0,—,22257264
70199029,玻璃纤维布浸胶制品，...,12061,千克,0,—,340330
70199091,其他玻璃纤维制垫,5803,千克,0,—,547226
70199092,其他玻璃纤维制纤维网...,69849,千克,0,—,1825546
70199099,未列名玻璃纤维制品,458809,千克,0,—,9874368
70200011,工业用导电玻璃,74893,千克,0,—,6471783
70200012,工业绝缘子用玻璃伞盘,4700,千克,0,—,8810
70200013,工业用熔融石英或其他...,104764,千克,0,—,28884737
70200019,其他工业用玻璃制品,72233,千克,0,—,10771109
70200091,保温瓶或其他保温容器...,13118,千克,41174,个,56113
70200099,其他非工业用玻璃制品,69321,千克,0,—,3279436
71012110,未分级未加工的养殖珍...,14,千克,0,—,47941
71012210,未分级已加工养殖珍珠,2544,千克,0,—,5014797
71012290,其他已加工养殖珍珠,3203,千克,0,—,385160
71022100,未加工或经简单锯开、...,27316,克拉,0,—,171122
71022900,其他工业用钻石,5080,克拉,0,—,43683
71023100,未加工或简单锯开、劈...,44039,克拉,0,—,21364958
71023900,其他非工业用钻石,770579,克拉,0,—,814552432
71031000,未加工或仅简单锯开或...,12891334,千克,0,—,75364922
71039100,经其他加工的红宝石、...,355638,克拉,0,—,11191842
71039910,经其他加工的翡翠,170244861,克拉,0,—,506500938
71039920,经其他加工的水晶,113312660,克拉,0,—,1564890
71039930,经其他加工的碧玺,119210,克拉,0,—,4358622
71039940,经其他加工的软玉,485643,克拉,0,—,24968
71039990,经其他加工的未列名宝...,287749012,克拉,0,—,5244668
71041000,压电石英,21771304,克,0,—,1704795
71042100,合成或再造钻石，未加...,2287,克,0,—,1791936
71042900,合成或再造其他宝石或...,10533306,克,0,—,396631
71049110,工业用经其他加工的合...,66363,克,0,—,1469777
71049190,非工业用经其他加工的...,17773,克,0,—,7266654
71049911,工业用经其他加工的合...,31455604,克,0,—,3625819
71049919,工业用经其他加工的合...,30796,克,0,—,14951
71049990,非工业用经其他加工的...,363034,克,0,—,449894
71051010,天然钻石粉末,112300,克拉,0,—,56193
71051020,人工合成的钻石粉末,9180208,克拉,0,—,1388252
71059000,其他天然或合成宝石或...,5400,克,0,—,2481
71061011,平均粒径＜3微米的非...,70193220,克,0,—,44831423
71061019,其他非片状银粉,128741046,克,0,—,8344021
71061021,平均粒径＜10微米的...,4060212,克,0,—,3179026
71061029,其他片状银粉,4189890,克,0,—,2512223
71069110,纯度≥99.99%未...,1115420,克,0,—,809566
71069190,其他未锻造银,14160148,克,0,—,5496170
71069210,纯度≥99.99%半...,754928,克,0,—,606294
71069290,其他半制成的银,35576901,克,0,—,5127265
71070000,以贱金属为底的包银材...,12030,千克,0,—,1468316
71081100,金粉,4300,克,0,—,270580
71081200,其他未锻造金，非货币...,151272835,克,0,—,8307085940
71081300,其他半制的金，非货币...,1086251,克,0,—,57630142
71090000,以贱金属或银为底的包...,18791,克,0,—,17373
71101100,未锻造铂，铂粉,5799420,克,0,—,172145017
71101910,铂板、片,1373955,克,0,—,33404195
71101990,其他半制的铂,61426,克,0,—,3201591
71102100,未锻造钯，钯粉,1872323,克,0,—,126780135
71102910,钯板、片,193784,克,0,—,10996985
71102990,其他半制的钯,82855,克,0,—,1220340
71103100,未锻造铑，铑粉,614177,克,0,—,294484904
71103910,铑板、片,4,克,0,—,5070
71104100,未锻造的铱、锇及钌，...,617221,克,0,—,16406169
71104910,铱、锇及钌的板、片,262149,克,0,—,2694516
71104990,其他半制的铱、锇及钌,829,克,0,—,10015
71110000,以贱金属、银或金为底...,1677706,克,0,—,1090797
71131110,镶嵌钻石的银首饰及其...,32356,克,0,—,407157
71131190,其他银首饰及其零件,4995824,克,0,—,19101391
71131911,镶嵌钻石的黄金制首饰...,289751,克,0,—,98040951
71131919,其他黄金制首饰及其零...,791362,克,0,—,61997989
71131921,镶嵌钻石的铂制首饰及...,106404,克,0,—,145874364
71131929,其他铂制首饰及其零件,57990,克,0,—,6063119
71132090,其他以贱金属为底的包...,87766,克,0,—,135261
71141100,银制器皿及其零件,381505,克,0,—,258997
71141900,其他贵金属制器皿及其...,6778,克,0,—,750452
71142000,以贱金属为底的包贵金...,130205,克,0,—,57416
71159010,其他贵金属或包贵金属...,81394316,克,0,—,16037257
71159090,其他贵金属或包贵金属...,222299,克,0,—,465859
71161000,天然或养殖珍珠制品,312,千克,0,—,462075
71162000,宝石或半宝石（天然、...,179844,千克,0,—,19135392
71171100,贱金属制袖扣、饰扣,289,千克,0,—,372631
71171900,贱金属制其他仿首饰,19791,千克,0,—,17370243
71179000,未列名仿首饰,21305,千克,0,—,4976617
71181000,非法定货币的硬币（金...,318,千克,0,—,66191
71189000,其他硬币（不统计）,1142,千克,0,—,1238155
72011000,初级形状非合金生铁，...,105994060,千克,0,—,47658474
72015000,合金生铁、镜铁锭、块...,1072443,千克,0,—,1668493
72021100,锰铁，按重量计含碳量...,49334,千克,0,—,269826
72021900,锰铁，按重量计含碳量...,20000,千克,0,—,44043
72022100,硅铁，按重量计含硅量...,5299039,千克,0,—,4834527
72022900,硅铁，按重量计含硅量...,2000,千克,0,—,17660
72023000,硅锰铁,2000,千克,0,—,4566
72024100,铬铁，按重量计含碳量...,232348035,千克,0,—,276961057
72025000,硅铬铁,290174,千克,0,—,37704
72026000,镍铁,643559884,千克,0,—,1468237463
72027000,钼铁,434000,千克,0,—,10478020
72028010,钨铁,2000,千克,0,—,65200
72029100,钛铁及硅钛铁,2000,千克,0,—,19007
72029210,钒铁，按重量计含钒量...,40500,千克,0,—,837318
72029300,铌铁,2394960,千克,0,—,61571997
72029911,速凝永磁片,33460,千克,0,—,2019090
72029912,钕铁硼磁粉,13168,千克,0,—,389726
72029919,其他钕铁硼合金,6761,千克,0,—,209910
72029999,未列名铁合金,2115470,千克,0,—,5130139
72031000,直接从铁矿还原的块、...,151568989,千克,0,—,54498519
72039000,其他海锦铁产品；按重...,500,千克,0,—,7237
72041000,铸铁废料及碎料,125753,千克,0,—,61186
72042100,不锈钢废料及碎料,10711133,千克,0,—,12830712
72042900,其他合金钢废料及碎料,11680709,千克,0,—,10358882
72044100,金属切削加工过程中产...,8554738,千克,0,—,3181290
72044900,未列名钢铁废料及碎料,33642192,千克,0,—,14265402
72051000,生铁、镜铁及钢铁的颗...,307954,千克,0,—,4334132
72052100,合金钢粉末,4381919,千克,0,—,15289478
72052910,铁粉，平均粒径小于1...,434073,千克,0,—,1444063
72052990,未列名生铁、镜铁及钢...,2595248,千克,0,—,4927782
72069000,其他初级形状的普通钢...,4204,千克,0,—,50847
72071100,矩形截面半制普通钢铁...,94394450,千克,0,—,47283812
72071200,其他矩形截面的半制普...,463739398,千克,0,—,245522143
72071900,其他普通钢铁的半制成...,3238133,千克,0,—,1541090
72072000,普通钢铁的半制成品，...,57701,千克,0,—,364834
72081000,仅热轧，已轧压花纹普...,18820,千克,0,—,31147
72082500,其他热轧、酸洗普通钢...,4512525,千克,0,—,4923320
72082610,屈度＞355牛顿/m...,6605495,千克,0,—,5672990
72082690,其他热轧、酸洗钢铁卷...,2087220,千克,0,—,2153917
72082710,其他热轧、酸洗普通钢...,183460,千克,0,—,170854
72082790,其他热轧、酸洗钢铁卷...,25926708,千克,0,—,24251974
72083600,其他仅热轧普通钢铁卷...,188519,千克,0,—,150765
72083700,其他仅热轧普通钢铁卷...,3619420,千克,0,—,2606090
72083810,屈度＞355牛顿/m...,21044150,千克,0,—,16297200
72083890,其他热轧普通钢铁卷材...,63476380,千克,0,—,47567326
72083910,其他热轧铁或非合金钢...,18675,千克,0,—,42953
72083990,其他热轧铁或非合金钢...,42859818,千克,0,—,29682491
72084000,热轧，已轧压花纹普通...,12039,千克,0,—,11380
72085110,其他热轧铁或非合金钢...,5246940,千克,0,—,6122409
72085120,其他热轧铁或非合金钢...,18915890,千克,0,—,18519414
72085190,其他热轧铁或非合金钢...,51946249,千克,0,—,49179634
72085200,仅热轧普通钢铁非卷材...,7863087,千克,0,—,8335377
72085310,屈度＞355N/m㎡...,53837,千克,0,—,22581
72085390,其他热轧普通钢铁非卷...,94025,千克,0,—,84705
72085410,其他热轧铁或非合金钢...,10,千克,0,—,98
72085490,其他热轧铁非合金钢非...,306924,千克,0,—,142388
72089000,热轧并经除包镀涂外加...,60860,千克,0,—,38021
72091510,屈度＞355牛顿/m...,39106,千克,0,—,48398
72091590,其他冷轧，厚≥3mm...,83075,千克,0,—,71570
72091610,屈度＞275牛顿/m...,6115491,千克,0,—,6160559
72091690,其他冷轧铁或非合金钢...,9840694,千克,0,—,7985249
72091710,屈度＞275牛顿/m...,3696897,千克,0,—,3908211
72091790,其他冷轧普通钢铁卷材...,26796920,千克,0,—,23200644
72091810,仅冷轧铁或非合金钢卷...,18142625,千克,0,—,19618526
72091890,仅冷轧铁或非合金钢卷...,2360245,千克,0,—,1927213
72092500,仅冷轧其他普通钢铁非...,3465,千克,0,—,5468
72092600,仅冷轧其他普通钢铁非...,1114416,千克,0,—,515255
72092700,仅冷轧，0.5mm≤...,350701,千克,0,—,142823
72101100,镀或涂锡，厚≥0.5...,41890,千克,0,—,75936
72101200,镀或涂锡的，厚＜0....,867245,千克,0,—,909726
72102000,镀或涂铅的，包括镀铅...,20,千克,0,—,1263
72103000,电镀锌的铁或非合金钢...,44856504,千克,0,—,55718236
72104100,其他镀或涂锌瓦楞形普...,6520,千克,0,—,14412
72104900,其他镀或涂锌普通钢铁...,57651585,千克,0,—,61881772
72106100,镀或涂铝锌合金的铁或...,1310401,千克,0,—,1669118
72106900,其他镀或涂铝的铁或非...,838069,千克,0,—,1070133
72107010,厚度小于1.5毫米的...,2549137,千克,0,—,4984837
72107090,其他涂漆或涂塑的铁或...,4406111,千克,0,—,4923055
72109000,未列名宽≥600mm...,7628578,千克,0,—,16033168
72111300,仅四面或封闭热轧，1...,2222,千克,0,—,3304
72111400,仅热轧，厚≥4.75...,65584,千克,0,—,141188
72111900,仅热轧，未包镀涂层，...,500359,千克,0,—,777410
72112300,仅冷轧宽＜600mm...,1568578,千克,0,—,2620374
72112900,仅冷轧宽＜600mm...,1768686,千克,0,—,4537065
72119000,仅冷轧，未包镀涂层，...,119206,千克,0,—,272191
72121000,镀或涂锡的，宽＜60...,30321,千克,0,—,89889
72122000,电镀锌的宽＜600m...,327494,千克,0,—,675897
72123000,其他镀或涂锌的宽＜6...,337243,千克,0,—,648703
72124000,涂漆或涂塑的宽＜60...,206383,千克,0,—,942011
72125000,其他镀或涂层的宽＜6...,3348993,千克,0,—,8828498
72126000,经包覆的宽＜600m...,403718,千克,0,—,1847617
72131000,带轧制变形的不规则盘...,500,千克,0,—,913
72132000,不规则盘卷的易切削钢...,1255960,千克,0,—,1537811
72139100,直径＜14mm圆截面...,8602196,千克,0,—,10434691
72139900,其他不规则盘卷的普通...,3365679,千克,0,—,4190762
72141000,普通钢铁的锻造条、杆,33590,千克,0,—,46096
72142000,轧制凸凹变形及扭曲的...,4207353,千克,0,—,2892320
72143000,其他易切削钢热轧、热...,98246,千克,0,—,165480
72149100,矩形截面普通钢铁热轧...,880794,千克,0,—,939626
72149900,其他普通钢铁热轧、热...,2223881,千克,0,—,2331691
72151000,易切削钢冷成形或冷加...,1803472,千克,0,—,4100545
72155000,其他铁及非合金钢的冷...,1280345,千克,0,—,2382650
72159000,未列名的铁及非合金钢...,538027,千克,0,—,1210919
72161020,热轧、拉或挤压普通工...,124642,千克,0,—,148368
72161090,热轧、拉或挤压普通槽...,192357,千克,0,—,338411
72162100,热轧、拉拔或挤压普通...,174127,千克,0,—,159143
72163100,热轧、拉或挤压普通钢...,1080268,千克,0,—,1398593
72163210,热轧、拉或挤压普通钢...,1071465,千克,0,—,883410
72163290,热轧拉挤普通钢工字钢...,298034,千克,0,—,443222
72163311,热轧、拉或挤压普通钢...,1630718,千克,0,—,1400322
72163319,热轧拉挤普通钢H型钢...,1929793,千克,0,—,1844391
72163390,热轧、拉挤普通钢H型...,366732,千克,0,—,400990
72164010,热轧、拉或挤压普通钢...,5718926,千克,0,—,7005743
72165020,热轧、热拉拔或热挤压...,86211,千克,0,—,106657
72165090,未列名热轧拉或挤压普...,381000,千克,0,—,668354
72166900,其他冷成形或冷加工普...,133396,千克,0,—,499248
72169100,平板轧材制冷成形外再...,124,千克,0,—,423
72169900,其他普通钢铁角材、型...,78078,千克,0,—,430258
72171000,未镀或涂层的普通钢铁...,1775756,千克,0,—,4371205
72172000,镀或涂锌的普通钢铁丝,143849,千克,0,—,374773
72173010,镀或涂铜的铁丝或非合...,438976,千克,0,—,1529833
72173090,镀或涂其他贱金属的铁...,54988,千克,0,—,432342
72179000,其他铁丝或非合金钢丝,122512,千克,0,—,446373
72181000,不锈钢锭及其他初级形...,378455,千克,0,—,1094249
72189100,矩形截面的（正方形除...,6574129,千克,0,—,16943019
72189900,其他不锈钢半制成品,104032806,千克,0,—,232394467
72191100,热轧不锈钢卷材，，宽...,911099,千克,0,—,2925106
72191210,热轧不锈钢卷材，60...,5790715,千克,0,—,17350294
72191290,热轧不锈钢卷材，宽度...,131470,千克,0,—,631056
72191319,其他未酸洗热轧不锈钢...,19868,千克,0,—,83291
72191329,其他酸洗热轧不锈钢卷...,5403848,千克,0,—,12523166
72191429,其他厚＜3mm，经酸...,1292754,千克,0,—,2658483
72192100,热轧不锈钢非卷材，厚...,1001954,千克,0,—,5728266
72192200,热轧不锈钢非卷材，4...,556259,千克,0,—,3699654
72192300,热轧不锈钢非卷材，3...,843229,千克,0,—,1209058
72192410,热轧不锈钢非卷材，1...,3704,千克,0,—,14771
72192420,热轧不锈钢非卷材，0...,292,千克,0,—,1609
72192430,热轧不锈钢非卷材，厚...,481,千克,0,—,11725
72193100,冷轧不锈钢板材，厚≥...,2650212,千克,0,—,6182512
72193210,冷轧不锈钢板材，60...,37256718,千克,0,—,75636234
72193290,冷轧不锈钢板材，宽度...,286497,千克,0,—,1997062
72193390,其他冷轧不锈钢板材，...,86141716,千克,0,—,182585107
72193400,冷轧不锈钢板材，0....,2404453,千克,0,—,9112485
72193500,冷轧不锈钢板材，厚＜...,324753,千克,0,—,1594964
72199000,其他宽≥600mm的...,472430,千克,0,—,1903940
72201100,热轧不锈钢板材，厚≥...,26506,千克,0,—,162243
72201200,热轧不锈钢板材，厚＜...,367,千克,0,—,39050
72202020,冷轧不锈钢平板轧材，...,732599,千克,0,—,6912583
72202030,冷轧不锈钢平板轧材，...,2037725,千克,0,—,13069598
72202040,冷轧不锈钢平板轧材，...,52660,千克,0,—,475711
72209000,其他不锈钢板材，宽＜...,394466,千克,0,—,4753705
72210000,不规则盘卷的不锈钢热...,3797731,千克,0,—,21586741
72221100,圆形截面的热轧、拉拔...,826138,千克,0,—,5682045
72221900,其他热轧、拉拔或挤压...,1591263,千克,0,—,13095653
72222000,不锈钢冷成形或冷加工...,2106136,千克,0,—,20530255
72223000,其他不锈钢条、杆,433283,千克,0,—,3087236
72224000,不锈钢角材、型材及异...,40116,千克,0,—,630637
72230000,不锈钢丝,1044437,千克,0,—,13218961
72241000,其他合金钢锭及初级形...,173101,千克,0,—,800051
72249010,单件重量≥10吨的粗...,686784,千克,0,—,2246771
72249090,其他合金钢半制成品,1991371,千克,0,—,10061853
72251100,取向性硅电钢平板轧材...,963238,千克,0,—,1139453
72251900,其他硅电钢平板轧材，...,17038534,千克,0,—,23788185
72253000,其他合金钢热轧卷材，...,65481350,千克,0,—,58661073
72254010,未经进一步加工的热轧...,146689,千克,0,—,963189
72254091,未经进一步加工的热轧...,6343269,千克,0,—,12203554
72254099,未经进一步加工的其他...,3276705,千克,0,—,10732822
72255000,其他合金钢冷轧板材，...,25546372,千克,0,—,33124595
72259100,电镀或涂锌的其他合金...,4659618,千克,0,—,6486510
72259200,其他方法镀或涂锌的合...,17397504,千克,0,—,22416237
72259910,高速钢板材，宽≥60...,286,千克,0,—,1667
72259990,未列名合金钢板材，宽...,23741762,千克,0,—,31004417
72261100,取向性硅电钢平板轧材...,5567192,千克,0,—,5642840
72261900,其他硅电钢平板轧材，...,410819,千克,0,—,799707
72262000,高速钢板材，宽＜60...,109521,千克,0,—,1709316
72269110,未经进一步加工的热轧...,236619,千克,0,—,966090
72269191,未经进一步加工的热轧...,20526,千克,0,—,37085
72269199,未经进一步加工的其他...,281650,千克,0,—,1717272
72269200,其他未进一步加工合金...,4059800,千克,0,—,14105019
72269910,电镀或涂锌的其他合金...,3435,千克,0,—,18397
72269920,其他法镀或涂锌的合金...,388600,千克,0,—,778937
72269990,未列名合金钢板材，宽...,689616,千克,0,—,6102601
72271000,不规则盘卷的高速钢热...,176749,千克,0,—,3060331
72272000,不规则盘卷的硅锰钢热...,875485,千克,0,—,1054616
72279010,不规则盘卷的含硼合金...,3605962,千克,0,—,4719262
72279090,不规则盘卷的未列名合...,10991202,千克,0,—,15922089
72281000,其他高速钢条、杆,186980,千克,0,—,3673867
72282000,其他硅锰钢条、杆,433658,千克,0,—,689272
72283010,其他含硼合金钢制的条...,30289,千克,0,—,52695
72283090,其他条、杆，除热轧、...,15422567,千克,0,—,22716145
72284000,其他合金钢锻造条、杆,1988474,千克,0,—,12045097
72285000,其他合金钢冷成形或冷...,2590805,千克,0,—,7037364
72286000,未列名合金钢条、杆,412946,千克,0,—,1375299
72287010,履带板型钢,24675,千克,0,—,39598
72287090,其他合金钢角材、型材...,562159,千克,0,—,2393610
72288000,合金钢及非合金钢制空...,1450,千克,0,—,11040
72292000,硅锰钢钢丝,616543,千克,0,—,1922967
72299010,高速钢钢丝,29197,千克,0,—,570469
72299090,其他合金钢丝,3280443,千克,0,—,8342295
73011000,钢铁板桩,440,千克,0,—,3687
73012000,焊接的钢铁角材、型材...,176851,千克,0,—,482835
73021000,钢轨,3625119,千克,0,—,6204924
73023000,钢铁道岔尖轨、辙叉、...,36810,千克,0,—,261044
73029010,钢铁轨枕,184413,千克,0,—,326139
73029090,其他铺轨用钢铁材料,5652,千克,0,—,42391
73030010,内径≥500mm的圆...,758,千克,0,—,5847
73030090,其他铸铁管及空心异型...,40024,千克,0,—,212435
73041110,不锈钢石油天然气管道...,22732,千克,0,—,207460
73041120,不锈钢石油天然气管道...,25788,千克,0,—,255332
73041130,不锈钢石油天然气管道...,68481,千克,0,—,864552
73041190,不锈钢石油天然气管道...,32934,千克,0,—,259231
73041910,其他钢石油天然气管道...,21037,千克,0,—,67498
73041920,其他钢石油天然气管道...,7120,千克,0,—,10720
73041930,其他钢石油天然气无缝...,7228,千克,0,—,25890
73041990,其他钢石油天然气无缝...,68,千克,0,—,122979
73042210,不锈钢制钻探石油天然...,8486,千克,0,—,31622
73042310,其他钢制钻探石油天然...,321043,千克,0,—,218106
73042400,不锈钢制钻探石油或天...,102809,千克,0,—,917030
73042920,屈服强度大于等于55...,254,千克,0,—,4084
73043110,冷拔或冷轧的铁或普通...,52451,千克,0,—,878729
73043120,冷拔或冷轧的铁或普通...,120,千克,0,—,2148
73043190,未列名冷拔或冷轧铁或...,472736,千克,0,—,2220201
73043910,非冷拔或冷轧铁或普通...,58270,千克,0,—,148295
73043990,未列名非冷拔或冷轧铁...,158320,千克,0,—,305518
73044110,冷拔或冷轧的不锈钢无...,166658,千克,0,—,1222863
73044190,未列名冷拔或冷轧的不...,425286,千克,0,—,14222323
73044910,非冷拔或冷轧的不锈钢...,219,千克,0,—,2396
73044990,未列名非冷拔或冷轧的...,559861,千克,0,—,6560216
73045110,冷拔或冷轧的其他合金...,2672,千克,0,—,12536
73045120,冷拔或冷轧的其他合金...,21969,千克,0,—,195140
73045190,未列名冷拔或冷轧的合...,1366751,千克,0,—,5094217
73045910,非冷拔或冷轧的其他合...,372771,千克,0,—,2544823
73045990,未列名非冷拔或冷轧的...,612011,千克,0,—,3893442
73049000,其他无缝钢铁管及空心...,47018,千克,0,—,371272
73051100,纵向埋弧焊石油或天然...,123253,千克,0,—,348123
73053100,其他纵向焊圆形截面钢...,282472,千克,0,—,723507
73053900,其他焊接的圆形截面钢...,12810,千克,0,—,89566
73059000,其他圆形截面钢铁管，...,10670,千克,0,—,240000
73061100,不锈钢制石油或天然气...,64326,千克,0,—,439144
73061900,其他钢铁制石油或天然...,9551,千克,0,—,18259
73062900,其他钢铁制钻探石油或...,1646000,千克,0,—,1344292
73063011,其他铁圆形截面焊缝管...,322164,千克,0,—,1769184
73063019,其他铁圆形截面焊缝管...,48640,千克,0,—,227877
73063090,其他铁圆形截面焊缝管...,2994252,千克,0,—,6974984
73064000,其他不锈钢圆形截面焊...,549915,千克,0,—,9634518
73065000,其他合金钢圆形截面焊...,2344279,千克,0,—,5981391
73066100,矩形或正方形截面的其...,1399268,千克,0,—,2472401
73066900,其他非圆形截面的焊缝...,243631,千克,0,—,709920
73069000,未列名钢铁管及空心异...,110562,千克,90941,个,385802
73071100,无可锻性铸铁管子附件,107927,千克,0,—,750479
73071900,可锻性铸铁及铸钢管子...,99536,千克,0,—,2171298
73072100,不锈钢制法兰,118385,千克,0,—,4422774
73072200,不锈钢制螺纹肘管、弯...,106567,千克,0,—,5392264
73072300,不锈钢制对焊件,97105,千克,0,—,6491060
73072900,不锈钢制其他管子附件,406036,千克,0,—,33553497
73079100,其他钢铁制法兰,185890,千克,0,—,2153397
73079200,其他钢铁制螺纹肘管、...,217444,千克,0,—,3929641
73079300,其他钢铁制对焊件,382036,千克,0,—,4510083
73079900,未列名钢铁制管子附件,700472,千克,0,—,12738045
73081000,钢铁制桥梁及桥梁体段,897343,千克,0,—,1256380
73083000,钢铁制门窗及其框架、...,119869,千克,0,—,1773012
73084000,钢铁制脚手架、模板或...,500708,千克,0,—,356799
73089000,其他钢铁结构体；钢结...,6838161,千克,0,—,22644345
73090000,装物料的钢铁槽、罐、...,1752847,千克,10999,个,12118742
73101000,盛装物料的钢铁容器，...,296704,千克,5708,个,6812139
73102110,"易拉罐及罐体,焊边或...",2847,千克,0,—,33127
73102190,其他焊边或卷边接合的...,409211,千克,0,—,4086289
73102910,"易拉罐及罐体,非焊边...",419,千克,0,—,13164
73102990,其他盛装物料用钢铁容...,129854,千克,0,—,1502235
73110010,装压缩气体或液化气体...,2835,千克,0,—,57563
73110090,装压缩气体或液化气体...,591925,千克,0,—,7001680
73121000,非绝缘的钢铁绞股线、...,3834560,千克,0,—,17292541
73129000,非绝缘的钢铁编带、吊...,187232,千克,0,—,1901172
73130000,带刺钢铁丝；围篱钢铁...,415,千克,0,—,8881
73141200,不锈钢制机器用环形带,11325,千克,0,—,140512
73141400,不锈钢制其他机织布,46809,千克,0,—,9318272
73141900,其他钢铁丝机织布（包...,2308,千克,0,—,732813
73142000,交点焊接的钢铁丝制粗...,3429,千克,0,—,5052
73143100,其他钢铁丝制镀或涂锌...,1260,千克,0,—,126438
73143900,其他钢铁丝制交点焊接...,15042,千克,0,—,268067
73144100,镀或涂锌的钢铁丝制布...,14916,千克,0,—,210802
73144200,涂塑的钢铁丝制布、网...,402,千克,0,—,100858
73144900,其他钢铁丝制布、网、...,10235,千克,0,—,939139
73145000,网眼钢铁板,11203,千克,0,—,195995
73151110,自行车用滚子链,33542,千克,0,—,589411
73151120,摩托车用滚子链,109075,千克,0,—,985268
73151190,其他滚子链,225068,千克,0,—,3309304
73151200,其他铰接链（滚子链除...,177507,千克,0,—,2658541
73151900,铰接链的零件,514751,千克,0,—,3832555
73152000,防滑链,357,千克,0,—,15499
73158100,日字环节链,87351,千克,0,—,1985007
73158200,其他焊接链,1042085,千克,0,—,5514201
73158900,未列名钢铁链,53244,千克,0,—,999616
73159000,链（铰接链除外）的零...,60662,千克,0,—,1132509
73160000,钢铁锚、多爪锚及其零...,43042,千克,0,—,285950
73170000,钢铁制钉、平头钉、图...,59069,千克,0,—,857886
73181100,方头螺钉,16516,千克,0,—,183341
73181200,其他木螺钉,7486,千克,0,—,97902
73181300,钩头螺钉及环头螺钉,10927,千克,0,—,346798
73181400,自攻螺钉,1319226,千克,0,—,9395411
73181510,其他螺钉及螺栓，抗拉...,10724162,千克,0,—,71912535
73181590,其他螺钉及螺栓，抗拉...,2591022,千克,0,—,33417438
73181600,螺母,3929385,千克,0,—,46249616
73181900,其他钢铁制螺纹制品,313173,千克,0,—,8125471
73182100,弹簧垫圈及其他防松垫...,173319,千克,0,—,5838348
73182200,其他垫圈,936676,千克,0,—,20700233
73182300,铆钉,306738,千克,0,—,4446300
73182400,销及开尾销,1091290,千克,0,—,20175032
73182900,其他钢铁制无螺纹制品,630374,千克,0,—,11667082
73194010,钢铁制安全别针,212,千克,0,—,4826
73194090,钢铁制其他别针,1325,千克,0,—,19378
73199000,钢铁制的手工缝针、编...,3525,千克,0,—,808241
73201010,铁道车辆用钢铁片簧及...,4518,千克,0,—,176333
73201020,汽车用钢铁片簧及簧片,199023,千克,0,—,4252753
73201090,其他钢铁片簧及簧片,129411,千克,0,—,6036203
73202010,铁道车辆用钢铁螺旋弹...,10482,千克,0,—,361609
73202090,其他钢铁螺旋弹簧,1695287,千克,0,—,25071642
73209010,铁道车辆用其他钢铁弹...,1917,千克,0,—,69857
73209090,未列名钢铁弹簧,330643,千克,0,—,6202310
73211100,用气体等燃料的钢铁制...,86469,千克,17534,个,1913875
73211210,钢铁制家用煤油炉,1807,千克,180,个,8294
73211290,其他用液体燃料钢铁制...,288,千克,37,个,1645
73211900,其他钢铁制家用炊事器...,18170,千克,2901,个,216365
73218100,其他使用气体燃料的钢...,5921,千克,2607,个,160107
73218200,其他使用液体燃料的钢...,3761,千克,5222,个,139250
73218900,其他钢铁制家用器具,11766,千克,435,个,180908
73219000,品目7321的零件,114734,千克,0,—,1071485
73221100,非电热的铸铁制集中供...,7,千克,0,—,81
73221900,非电热的其他钢铁制集...,411915,千克,0,—,698002
73229000,非电热钢铁制空气加热...,11396,千克,0,—,450534
73231000,钢铁丝绒、擦锅器及洗...,849,千克,0,—,12245
73239100,未搪瓷铸铁制餐桌、厨...,60722,千克,0,—,753825
73239200,已搪瓷铸铁制餐桌、厨...,135352,千克,0,—,2558575
73239300,不锈钢制餐桌、厨房或...,208627,千克,0,—,4644311
73239420,其他已搪瓷钢铁制烧锅,5611,千克,0,—,116386
73239490,未列名已搪瓷钢铁制餐...,16910,千克,0,—,220508
73239900,其他未搪瓷钢铁餐桌、...,80481,千克,0,—,917443
73241000,不锈钢洗涤槽及脸盆,21879,千克,0,—,265100
73242100,铸铁浴缸，不论是否搪...,242,千克,0,—,1135
73242900,其他钢铁浴缸,157081,千克,0,—,616713
73249000,未列名钢铁制卫生器具...,36736,千克,0,—,1242293
73251010,工业用无可锻性铸铁制...,469868,千克,0,—,2786074
73251090,其他无可锻性铸铁制品,19936,千克,0,—,93946
73259100,可锻性铸铁及铸钢制研...,2663,千克,0,—,26626
73259910,工业用未列名可锻性铸...,154894,千克,0,—,2139335
73259990,非工业用未列名可锻性...,122873,千克,0,—,312434
73261100,经锻造或冲压的研磨机...,45827,千克,0,—,75073
73261910,经锻造或冲压的工业用...,2230920,千克,0,—,15257241
73261990,经锻造或冲压的非工业...,123831,千克,0,—,1452182
73262010,工业用钢铁丝制品,325935,千克,0,—,1287485
73262090,其他钢铁丝制品,301240,千克,0,—,878269
73269011,工业用钢铁纤维及其制...,34991,千克,0,—,340059
73269019,其他工业用钢铁制品,6744696,千克,0,—,129154385
73269090,未列名非工业用钢铁制...,3933614,千克,0,—,30229914
74010000,铜锍；沉积铜（泥铜）,2689773,千克,0,—,7334057
74020000,未精炼铜；电解精炼用...,84728982,千克,0,—,652048967
74031111,未锻轧铜含量＞99....,316447980,千克,0,—,2525109432
74031119,未锻轧其他精炼铜阴极,34569857,千克,0,—,274667102
74031190,未锻轧精炼铜阴极型材,900593,千克,0,—,7291678
74031200,未锻轧的精炼铜线锭,147890,千克,0,—,1142279
74031300,未锻轧的精炼铜坯段,3155970,千克,0,—,24027157
74031900,其他未锻轧的精炼铜,8491141,千克,0,—,64331217
74032100,未锻轧的铜锌合金（黄...,9963288,千克,0,—,54361813
74032200,未锻轧的铜锡合金（青...,504517,千克,0,—,3904093
74032900,其他未锻轧的铜合金,14935711,千克,0,—,90332475
74040000,铜废料及碎料,166945273,千克,0,—,1136898311
74050000,铜母合金,2801048,千克,0,—,16353844
74061010,精炼铜非片状粉末,77814,千克,0,—,1233333
74061020,铜镍合金（白铜）或铜...,2060,千克,0,—,99403
74061030,铜锌合金（黄铜）非片...,62615,千克,0,—,857351
74061040,铜锡合金（青铜）非片...,23879,千克,0,—,457339
74061090,其他铜合金非片状粉末,29468,千克,0,—,420398
74062010,精炼铜片状粉末,32560,千克,0,—,452529
74062090,其他铜合金片状粉末,18084,千克,0,—,318551
74071010,铬锆铜制精炼铜条、杆...,2949,千克,0,—,42369
74071090,其他精炼铜条、杆、型...,464961,千克,0,—,5059458
74072111,铜锌合金（黄铜）条、...,1096233,千克,0,—,7407921
74072119,铜锌合金（黄铜）条、...,1448328,千克,0,—,9374121
74072190,铜锌合金（黄铜）制型...,340615,千克,0,—,2935529
74072900,其他铜合金条、杆、型...,139404,千克,0,—,3683440
74081100,最大截面尺寸＞6mm...,4770723,千克,0,—,37981686
74081900,其他精炼铜丝,3119979,千克,0,—,30593399
74082100,铜锌合金丝,488551,千克,0,—,4320080
74082210,铜镍锌铅合金（加铅德...,46,千克,0,—,1553
74082290,其他铜镍合金（白铜)...,19166,千克,0,—,883192
74082900,其他铜合金丝,89954,千克,0,—,2846311
74091110,含氧≤10PPM盘卷...,604852,千克,0,—,8566312
74091190,其他盘卷的精炼铜板、...,1346301,千克,0,—,15185385
74091900,其他精炼铜板、片及带...,315740,千克,0,—,4340174
74092100,盘卷的铜锌合金板、片...,1997907,千克,0,—,17226263
74092900,其他铜锌合金板、片及...,14571,千克,0,—,209236
74093100,盘卷的铜锡合金板、片...,897683,千克,0,—,11797784
74093900,其他铜锡合金板、片及...,2392,千克,0,—,82863
74094000,铜镍、铜镍锌合金板、...,931281,千克,0,—,13230745
74099000,其他铜合金板、片及带...,1144599,千克,0,—,19559841
74101100,无衬背精炼铜箔，厚≤...,7779680,千克,0,—,109507622
74101210,无衬背铜镍合金或铜镍...,273337,千克,0,—,5273823
74101290,其他无衬背铜合金箔，...,654556,千克,0,—,13358816
74102110,印制电路用覆铜板,3647815,千克,0,—,93057892
74102190,其他有衬背精炼铜箔，...,237339,千克,0,—,11243868
74102210,衬背铜镍，铜镍锌合金...,2328,千克,0,—,665171
74102290,其他有衬背铜合金箔，...,96769,千克,0,—,2921119
74111011,带有螺纹或翅片的精炼...,60271,千克,0,—,707309
74111019,其他精炼铜管，外径≤...,173699,千克,0,—,2219139
74111020,外径超过70毫米的精...,179105,千克,0,—,3036509
74111090,其他精炼铜管，25m...,186699,千克,0,—,1656575
74112110,盘卷的铜锌合金（黄铜...,101,千克,0,—,13392
74112190,其他铜锌合金（黄铜）...,40807,千克,0,—,704322
74112200,铜镍合金或铜镍锌合金...,37559,千克,0,—,890778
74112900,其他铜合金管,13985,千克,0,—,1270888
74121000,精炼铜管子附件,18822,千克,0,—,696814
74122010,铜镍合金或铜镍锌合金...,63495,千克,0,—,1656582
74122090,其他铜合金管子附件,295377,千克,0,—,9390688
74130000,非绝缘铜丝绞线、缆、...,709082,千克,0,—,7039537
74151000,铜制或钢铁制带铜头的...,5426,千克,0,—,288099
74152100,铜制垫圈（包括弹簧垫...,37604,千克,0,—,2594195
74152900,其他铜制无螺纹制品,47430,千克,0,—,2008945
74153310,铜制木螺钉,0,千克,0,—,723
74153390,铜制其他螺钉；螺栓及...,70996,千克,0,—,3241321
74153900,其他铜制螺纹制品,10504,千克,0,—,675963
74181010,铜制擦锅器及洗刷擦光...,18,千克,0,—,352
74181020,非电热的铜制家用烹饪...,304,千克,0,—,26718
74181090,其他餐桌、厨房或其他...,814,千克,0,—,82617
74182000,铜制卫生器具及其零件,43787,千克,0,—,2462348
74192010,铸造、模压、冲压或锻...,181,千克,0,—,12728
74192020,铸造、模压、冲压或锻...,94334,千克,0,—,3171213
74192090,铸造、模压、冲压或锻...,7710,千克,0,—,443913
74198010,其他铜制链条及其零件,112,千克,0,—,66331
74198020,铜弹簧,18859,千克,0,—,7663337
74198030,铜丝制的布（包括环形...,254,千克,0,—,12471
74198040,铜丝制的网、格栅，网...,3672,千克,0,—,537460
74198050,非电热的铜制家用供暖...,1,千克,0,—,454
74198091,未列名工业用铜制品,551014,千克,0,—,17238827
74198099,未列名非工业用铜制品,29350,千克,0,—,3770914
75011000,镍锍,17452936,千克,0,—,244955125
75012010,镍湿法冶炼中间产品,77896027,千克,0,—,321635998
75012090,其他氧化镍烧结物及镍...,1024000,千克,0,—,12282337
75021010,按重量计镍、钴总量≥...,1033722,千克,0,—,22981995
75021090,其他未锻轧非合金镍,8544990,千克,0,—,198007634
75022000,未锻轧的镍合金,280183,千克,0,—,5295189
75040010,非合金镍粉及片状粉末,3118613,千克,0,—,70923615
75040020,合金镍粉及片状粉末,30490,千克,0,—,2155436
75051100,非合金镍条、杆、型材...,431,千克,0,—,34889
75051200,镍合金条、杆、型材及...,531180,千克,0,—,19903728
75052100,非合金镍丝,6691,千克,0,—,249367
75052200,镍合金丝,92922,千克,0,—,5136340
75061000,非合金镍板、片、带、...,29171,千克,0,—,1473398
75062000,镍合金板、片、带、箔,1284802,千克,0,—,37411993
75071100,非合金镍管,15,千克,0,—,26861
75071200,镍合金管,128959,千克,0,—,11787718
75072000,镍管子附件,4483,千克,0,—,1083707
75081010,镍丝布,656,千克,0,—,21962
75081080,工业用镍格栅及网,4215,千克,0,—,857085
75081090,非工业用镍格栅及网,91,千克,0,—,187898
75089010,电镀用镍阳极,12210,千克,0,—,495794
75089080,其他工业用镍制品,135058,千克,0,—,16926546
75089090,其他非工业用镍制品,3978,千克,0,—,2733393
76011010,含铝量≥99.95%...,18136,千克,0,—,227306
76011090,含铝量＜99.95%...,64717056,千克,0,—,157426744
76012000,未锻轧的铝合金,100076923,千克,0,—,219558284
76020000,铝废料及碎料,161495345,千克,0,—,326191362
76031000,铝非片状粉末,18610,千克,0,—,343537
76032000,铝片状粉末,70096,千克,0,—,1743522
76041010,非合金铝制条、杆,2013,千克,0,—,127665
76041090,非合金铝制型材及异型...,11636,千克,0,—,95598
76042100,铝合金制空心异型材,314991,千克,0,—,3052167
76042910,铝合金制条、杆,906275,千克,0,—,7205610
76042990,其他铝合金制型材及异...,2401263,千克,0,—,22643108
76051100,最大截面尺寸超过7毫...,19313,千克,0,—,66908
76051900,其他非合金铝丝,84604,千克,0,—,1415634
76052100,最大截面尺寸超过7毫...,600170,千克,0,—,2928605
76052900,其他铝合金丝,230099,千克,0,—,1899378
76061129,其他非合金铝矩形板、...,113890,千克,0,—,651878
76061191,其他铝塑复合的非合金...,526,千克,0,—,2570
76061199,其他非合金铝矩形板、...,455074,千克,0,—,4570064
76061220,铝合金矩形板、片，0...,135190,千克,0,—,689578
76061230,铝合金矩形板、片，0...,213665,千克,0,—,747446
76061251,铝塑复合的铝合金矩形...,118136,千克,0,—,596089
76061259,其他铝合金矩形板、片...,24347909,千克,0,—,88765957
76061290,铝合金矩形板、片，厚...,1971963,千克,0,—,11339712
76069100,其他非合金铝板、片及...,93812,千克,0,—,1025294
76069200,其他铝合金板、片及带...,214342,千克,0,—,1688568
76071110,轧后未加工无衬背铝箔...,15682,千克,0,—,80868
76071120,轧后未加工无衬背铝箔...,57577,千克,0,—,607361
76071190,轧后未加工无衬背铝箔...,2285318,千克,0,—,15397262
76071900,其他无衬背铝箔,1009769,千克,0,—,21891789
76072000,有衬背铝箔,2314085,千克,0,—,24990621
76081000,非合金铝管,32404,千克,0,—,372336
76082010,铝合金管，外径≤10...,257521,千克,0,—,2877894
76082091,铝合金管，壁厚≤25...,21059,千克,0,—,207399
76082099,铝合金管，壁厚＞25...,63468,千克,0,—,842134
76090000,铝制管子附件（例如，...,79143,千克,0,—,3782425
76101000,铝制门窗及其框架、门...,52954,千克,0,—,1143995
76109000,其他铝制结构体；铝结...,1939115,千克,0,—,19648420
76110000,铝制槽、罐、桶等容器...,33242,千克,0,—,70581
76121000,铝制软管容器,1630,千克,0,—,34581
76129010,铝制易拉罐及罐体,37286,千克,0,—,435558
76129090,其他容积≤300L的...,58927,千克,0,—,1506802
76130010,装压缩气体或液化气体...,9368,千克,0,—,141814
76130090,装压缩气体或液化气体...,44656,千克,0,—,1243257
76141000,非绝缘的钢芯铝制绞股...,1119,千克,0,—,8347
76149000,其他非绝缘的铝制绞股...,85,千克,0,—,38965
76151090,其他铝制餐桌、厨房或...,325564,千克,0,—,5125730
76152000,铝制卫生器具及其零件,5834,千克,0,—,299471
76161000,铝制钉、螺钉、螺栓、...,129474,千克,0,—,8485045
76169100,铝丝制布、网、篱及格...,4980,千克,0,—,975689
76169910,其他工业用铝制品,965635,千克,0,—,33225912
76169990,其他非工业用铝制品,363910,千克,0,—,11890026
78011000,未锻轧的精炼铅,61110,千克,0,—,147260
78019100,按重量计所含其他元素...,100205,千克,0,—,193610
78019900,其他未锻轧铅,4399181,千克,0,—,8070793
78041100,铅片、带及厚度（衬背...,2198,千克,0,—,112751
78041900,铅板,5040,千克,0,—,73381
78042000,铅粉及片状粉末,304,千克,0,—,6504
78060010,铅条、杆、型材及异型...,2879,千克,0,—,194564
78060090,其他铅制品,67431,千克,0,—,661536
79011110,含锌量≥99.995...,3379582,千克,0,—,11612337
79011200,含锌量低于99.99...,1104882,千克,0,—,3573168
79012000,未锻轧锌合金,4630702,千克,0,—,14978982
79031000,锌末,360200,千克,0,—,1515127
79039000,锌粉及片状粉末,396258,千克,0,—,1987806
79040000,锌条、杆、型材及异型...,23821,千克,0,—,111145
79050000,锌板、片、带、箔,199062,千克,0,—,1168254
79070020,锌制管及管子附件（例...,2225,千克,0,—,87045
79070090,其他锌制品,123718,千克,0,—,2507748
80011000,未锻轧的非合金锡,2882300,千克,0,—,68998497
80012010,未锻轧的锡基巴毕脱合...,955,千克,0,—,30561
80012021,按重量计含铅量＜0....,13715,千克,0,—,442026
80012029,其他未锻轧的焊锡,1099,千克,0,—,104734
80012090,其他未锻轧的锡合金,38993,千克,0,—,822908
80030000,锡条、杆、型材及异型...,119088,千克,0,—,5018548
80070020,锡板、片及带，厚度＞...,3463,千克,0,—,480520
80070030,锡箔，厚（除衬背）≤...,12920,千克,0,—,738438
80070040,锡制管及管子附件（例...,59,千克,0,—,63696
80070090,未列名锡制品,34753,千克,0,—,2474219
81011000,钨粉,827,千克,0,—,96617
81019400,未锻轧钨，包括简单烧...,2,千克,0,—,8598
81019600,钨丝,503,千克,0,—,765149
81019910,钨条、杆、型材及异型...,1591,千克,0,—,427283
81019990,其他钨制品,1080,千克,0,—,1962659
81021000,钼粉,155,千克,0,—,17839
81029400,未锻轧钼，包括简单烧...,0,千克,0,—,1146
81029500,钼条、杆、型材及异型...,33256,千克,0,—,2505563
81029600,钼丝,4138,千克,0,—,550270
81029900,其他钼制品,5060,千克,0,—,1444852
81032011,松装密度＜2.2g/...,170,千克,0,—,151380
81032019,其他钽粉,8,千克,0,—,7053
81032090,其他未锻轧钽，包括简...,1,千克,0,—,3212
81039100,钽制坩埚,1,千克,0,—,304
81039911,直径小于0.5毫米的...,3,千克,0,—,11715
81039919,直径在0.5毫米及以...,5,千克,0,—,8761
81039990,未列名锻轧钽及其制品,32774,千克,0,—,11757362
81041100,含镁量≥99.8%的...,379904,千克,0,—,2362598
81041900,其他未锻轧镁,92,千克,0,—,8567
81049010,锻轧镁,0,千克,0,—,6798
81049020,镁制品,10796,千克,0,—,482625
81052010,钴湿法冶炼中间产品,33575594,千克,0,—,386112875
81052020,未锻轧钴,130386,千克,0,—,7320905
81052090,其他钴锍及冶炼钴时所...,1933629,千克,0,—,43371229
81059000,锻轧钴及钴制品,91375,千克,0,—,9266719
81061010,按重量计铋含量在99...,905,千克,0,—,23899
81061090,按重量计铋含量在99...,39984,千克,0,—,264234
81069010,按重量计铋含量在99...,2083,千克,0,—,449059
81069090,按重量计铋含量在99...,3007,千克,0,—,69408
81082021,海绵钛,166884,千克,0,—,1593502
81082029,其他未锻轧钛,158097,千克,0,—,3688601
81082030,钛粉末,1420,千克,0,—,289741
81089010,钛条、杆、型材及异型...,71108,千克,0,—,4633245
81089020,钛丝,32177,千克,0,—,2485472
81089031,厚度≤0.8mm的钛...,252571,千克,0,—,4779307
81089032,厚度＞0.8mm的钛...,140678,千克,0,—,4689445
81089040,钛管,939,千克,0,—,564882
81089090,其他锻轧钛及钛制品,121696,千克,0,—,30783533
81092100,按重量计铪与锆之比低...,9,千克,0,—,649
81092900,其他未锻轧锆及粉末,722,千克,0,—,194097
81099100,按重量计铪与锆之比低...,17140,千克,0,—,1219317
81099900,其他锻轧锆及锆制品,3609,千克,0,—,348174
81101010,未锻轧锑,150406,千克,0,—,3088353
81101020,锑粉末,10,千克,0,—,3817
81109000,其他锑及锑制品,391,千克,0,—,12643
81110010,未锻轧锰；废料及碎料...,2000387,千克,0,—,4172382
81110090,锻轧锰及锰制品,6243,千克,0,—,206811
81121200,未锻轧铍；铍粉末,1604,千克,0,—,1331892
81121900,锻轧铍及铍制品,13,千克,0,—,59732
81122100,未锻轧铬；铬粉末,3832,千克,0,—,158522
81122900,锻轧铬及铬制品,24786,千克,0,—,839583
81123900,锻轧铪及铪制品,82,千克,0,—,165985
81124900,锻轧铼及铼制品,0,千克,0,—,10235
81125100,未锻轧铊；铊粉末,0,千克,0,—,331
81126910,未锻轧镉；镉粉末,339552,千克,0,—,1049976
81126990,锻轧镉及镉制品,0,千克,0,—,175
81129210,未锻轧的锗；锗废料及...,176,千克,0,—,143676
81129220,未锻轧的钒；钒废料及...,922,千克,0,—,214275
81129230,未锻轧的铟；铟废料及...,7979,千克,0,—,1696168
81129240,未锻轧的铌；铌废料及...,25875,千克,0,—,2586070
81129290,未锻轧的镓；镓废料及...,720,千克,0,—,292505
81129910,锻轧的锗及其制品,5,千克,0,—,11909
81129930,锻轧的铟及其制品,41,千克,0,—,139523
81129940,锻轧的铌及其制品,2728,千克,0,—,60622
81129990,锻轧的镓及其制品,25,千克,0,—,37644
81130010,金属陶瓷颗粒；金属陶...,9917,千克,0,—,831241
81130090,其他金属陶瓷及其制品...,84545,千克,0,—,7752099
82011000,锹及铲,683,千克,2539,把,15915
82013000,镐、锄及耙,118,千克,168,把,1444
82014000,斧子、钩刀及类似砍伐...,1537,千克,1424,把,60211
82015000,修枝剪及类似的单手操...,12088,千克,64063,把,208153
82016000,树篱剪、双手修枝剪及...,31405,千克,34519,把,184835
82019090,其他用于农业、园艺或...,1410,千克,5889,把,35788
82021000,手工锯,6147,千克,35907,把,138550
82022010,双金属带锯条,104194,千克,0,—,1516114
82022090,其他带锯片,100712,千克,0,—,1782142
82023100,带有钢制工作部件的圆...,15671,千克,0,—,458654
82023910,带有天然或合成金刚石...,6081,千克,0,—,2149688
82023990,未列名圆锯片，包括部...,167485,千克,0,—,1671026
82024000,链锯条,151757,千克,0,—,3406412
82029110,机械锯用锯金属的直锯...,34153,千克,0,—,1313191
82029190,其他锯金属的直锯片,2340,千克,0,—,70587
82029910,其他机械锯用锯片,33301,千克,0,—,979555
82029990,未列名锯片,9556,千克,0,—,185136
82031000,钢锉、木锉及类似工具,11656,千克,349907,把,388037
82032000,钳子（包括剪钳）、镊...,201740,千克,1541407,把,3536816
82033000,白铁剪及类似工具,39773,千克,75035,把,274870
82034000,切管器、螺栓切头器、...,6851,千克,22441,把,215857
82041100,固定的手动扳手及扳钳,398604,千克,3936352,把,3881365
82041200,可调的手动扳手及扳钳,50269,千克,166979,把,1304451
82042000,可互换的扳手套筒，不...,454167,千克,5305091,套,2419224
82051000,钻孔或攻丝工具,1670,千克,26896,个,117423
82052000,锤子,146608,千克,324416,个,377564
82053000,木工刨子、凿子及类似...,2501,千克,53076,个,94580
82054000,螺丝刀,34836,千克,1689950,个,1172020
82055100,其他家用手工工具,27342,千克,685371,个,546928
82055900,其他手工工具,90416,千克,599859,个,5696472
82056000,喷灯,145,千克,381,个,15694
82057000,台钳、夹钳及类似品,15385,千克,17845,个,493656
82059000,砧、轻便锻炉；带支架...,12670,千克,0,—,772834
82060000,8202至8205中...,49968,千克,0,—,2227057
82071300,带有金属陶瓷制工作部...,17174,千克,0,—,260703
82071910,带金刚石、立方氮化硼...,39765,千克,0,—,1468965
82071990,其他凿岩或钻探工具,66199,千克,0,—,1119824
82072010,带金刚石、立方氮化硼...,1798,千克,36206,套,554728
82072090,其他材料制工作部件的...,19889,千克,538589,套,2531852
82073000,锻压或冲压工具,1432901,千克,0,—,35346915
82074000,攻丝工具,56745,千克,1754001,件,13069735
82075010,超硬材料制工作部件的...,966,千克,11388,件,616620
82075090,其他材料制工作部件的...,178392,千克,26841961,件,14274297
82076010,超硬材料制工作部件的...,1822,千克,7065,件,684885
82076090,其他材料制工作部件的...,7360,千克,73361,件,3436668
82077010,带有天然或合成金刚石...,2252,千克,21574,件,1813123
82077090,其他铣削工具,54109,千克,3171256,件,13572037
82078010,带有天然或合成金刚石...,243,千克,32380,件,558768
82078090,其他车削工具,14417,千克,1232131,件,3646487
82079010,超硬材料制工作部件的...,2817,千克,35824,件,2053869
82079090,其他材料制工作部件的...,207485,千克,13984214,件,5261776
82081011,经镀或涂层的硬质合金...,81003,千克,0,—,42718331
82081019,其他硬质合金制的金工...,58343,千克,0,—,12322690
82081090,其他金工机械用刀及刀...,11584,千克,0,—,2947891
82082000,木工机械用刀及刀片,9471,千克,0,—,396960
82083000,厨房器具或食品工业机...,12523,千克,0,—,449999
82084000,农业、园艺或林业机器...,66413,千克,0,—,835460
82089000,未列名机器或机械器具...,263457,千克,0,—,13665265
82090010,未装配的工具用金属陶...,3346,千克,0,—,435020
82090021,晶粒度小于0.8微米...,10305,千克,0,—,2041550
82090029,晶粒度不小于0.8微...,11792,千克,0,—,2099096
82090030,未装配的工具用金属陶...,24870,千克,0,—,8081259
82090090,其他未装配的工具用金...,15294,千克,0,—,4824361
82100000,加工调制食品或饮料手...,12254,千克,18039,台,560569
82111000,成套的刀,9992,千克,21147,套,244963
82119100,刃面固定的餐刀,6308,千克,68659,把,138010
82119200,其他刃面固定的刀,8967,千克,78027,把,417924
82119300,可换刃面的刀,4078,千克,105008,把,435654
82119400,品目8211所列刀的...,15803,千克,0,—,581811
82119500,贱金属制刀柄,1832,千克,0,—,83950
82121000,剃刀,71141,千克,7206609,把,1451796
82122000,安全刀片，包括未分开...,145309,千克,166908292,片,8197041
82129000,其他剃刀零件,45779,千克,0,—,2245020
82130000,剪刀、裁缝剪刀及类似...,30530,千克,0,—,821804
82141000,裁纸刀、开信刀、改错...,10306,千克,0,—,159652
82142000,修指甲及修脚用具（包...,23758,千克,0,—,655893
82149000,未列名利口器,12071,千克,0,—,742824
82151000,成套厨房或餐桌用具，...,1588,千克,0,—,186389
82152000,其他成套的餐匙、餐叉...,15641,千克,0,—,324340
82159100,其他镀贵金属的餐匙、...,600,千克,0,—,138426
82159900,其他餐匙、餐叉、勺等...,18901,千克,0,—,468996
83011000,挂锁,3507,千克,20805,把,99798
83012010,机动车用中央控制门锁,165637,千克,256585,套,4121974
83012090,机动车用其他锁,209711,千克,464863,套,7650463
83013000,家具用锁,41683,千克,625317,个,489757
83014000,未列名锁,213091,千克,549221,个,9029633
83015000,带锁的扣环及扣环框架,3855,千克,0,—,82247
83016000,锁的零件,679711,千克,0,—,12665029
83017000,钥匙,19817,千克,0,—,1057656
83021000,贱金属制铰链（折叶）,2603600,千克,0,—,30529660
83022000,贱金属制小脚轮,190686,千克,0,—,2050543
83023000,其他机动车辆用的贱金...,493955,千克,0,—,3491774
83024100,建筑用其他贱金属制附...,428251,千克,0,—,5508404
83024200,家具用其他贱金属制附...,1742070,千克,0,—,11530991
83024900,鞍具、衣箱、盒子等其...,275472,千克,0,—,6515383
83025000,贱金属制帽架、帽钩、...,20167,千克,0,—,374242
83026000,贱金属制自动闭门器,178964,千克,579206,个,1611270
83030000,装甲加强的贱金属保险...,115067,千克,480,个,591748
83040000,贱金属档案柜、文件篮...,311,千克,0,—,12409
83051000,贱金属制活页夹或卷宗...,13405,千克,0,—,45964
83052000,贱金属制成条钉书钉,31255,千克,0,—,339111
83059000,贱金属信夹、文件夹、...,3207,千克,0,—,29676
83061000,非电动的贱金属铃、钟...,14305,千克,0,—,139519
83062100,镀贵金属的雕塑像及其...,380,千克,0,—,51087
83062910,景泰蓝的雕塑像及其他...,8,千克,0,—,562
83062990,未列名贱金属雕塑像及...,174803,千克,0,—,4252024
83063000,贱金属的相框、画框及...,8567,千克,0,—,130142
83071000,钢铁制软管，不论是否...,108489,千克,0,—,6170876
83079000,其他贱金属制软管，不...,5607,千克,0,—,532308
83081000,贱金属制钩、环、眼,210231,千克,0,—,5323693
83082000,贱金属制的管形铆钉及...,166597,千克,0,—,4141734
83089000,其他贱金属制扣及类似...,43405,千克,0,—,2461474
83091000,贱金属制冠形瓶塞,14751,千克,0,—,218812
83099000,贱金属制其他塞、盖、...,496963,千克,0,—,8351177
83100000,贱金属标志牌、铭牌、...,35743,千克,0,—,4546960
83111000,焊剂涂面的贱金属电极...,672306,千克,0,—,8695220
83112000,焊剂为芯的贱金属制焊...,1231314,千克,0,—,5778277
83113000,焊剂涂面或做芯贱金属...,383153,千克,0,—,3726641
83119000,其他贱金属焊条等；贱...,35482,千克,0,—,766434
84013090,未辐照燃料元件的零件,123833,千克,0,—,28480906
84014010,未辐照相关组件,73,千克,2,台,111307
84014090,其他核反应堆零件,1652007,千克,58,台,29653076
84021200,蒸发量≤45吨/时的...,1,台,9400,千克,38382
84021900,未列名蒸汽锅炉，包括...,14,台,451,千克,154899
84029000,蒸汽及过热水锅炉零件,100701,千克,0,—,3504126
84031010,家用型集中供暖用的热...,37487,台,1363920,千克,21053061
84031090,其他集中供暖用的热水...,78,台,142270,千克,1243669
84039000,集中供暖用的热水锅炉...,89616,千克,0,—,794890
84041010,蒸汽锅炉和过热水锅炉...,40311,千克,0,—,1296721
84041020,集中供暖用锅炉的辅助...,111,千克,0,—,7382
84042000,水蒸汽或其他蒸汽动力...,5335,千克,0,—,182839
84049010,84041020所列...,401,千克,0,—,13656
84049090,84041010、8...,36320,千克,0,—,575487
84051000,煤气发生器；乙炔发生...,190,千克,0,—,138047
84059000,煤气发生器及乙炔发生...,1,千克,0,—,59
84068200,输出功率≤40兆瓦的...,3,台,224994,千克,5430386
84069000,汽轮机零件,377347,千克,0,—,8951813
84071010,功率≤298kw航空...,53,台,1631,千克,575974
84071020,功率＞298kw航空...,2,台,208,千克,50150
84072100,船用舷外点燃往复或旋...,3896,台,404353,千克,15225313
84072900,船舶用其他点燃往复或...,3,台,596,千克,20313
84073200,车用往复活塞发动机，...,930,台,26947,千克,918364
84073300,车用往复活塞发动机，...,302,台,16099,千克,758279
84073410,3000ml≥排量＞...,27074,台,3463537,千克,73377236
84073420,排量＞3000ml车...,70,台,34813,千克,846626
84079010,沼气发动机,3,台,16950,千克,602769
84079090,未列名点燃式活塞内燃...,36577,台,1406220,千克,21569336
84081000,船舶用柴油机,195,台,2661235,千克,35259577
84082010,车用柴油机，P≥13...,469,台,701209,千克,15317183
84082090,其他车辆用柴油机,400,台,148541,千克,1639450
84089010,机车用柴油机,21,台,77272,千克,2115752
84089091,其他输出功率≤14k...,3738,台,271402,千克,4108648
84089092,其他14kw＜输出功...,16851,台,4677843,千克,63945155
84089093,其他输出功率≥132...,4858,台,7000025,千克,124148349
84091000,航空器发动机零件,2130,千克,0,—,991899
84099110,船舶用点燃式活塞内燃...,221075,千克,0,—,4835542
84099191,电控燃油喷射装置,19296,千克,172823,套,1881285
84099199,其他点燃式活塞内燃发...,5668064,千克,0,—,158784838
84099910,船舶用柴油机的零件,1332075,千克,0,—,31016213
84099920,机车用柴油机的零件,10013,千克,0,—,465787
84099991,P≥132.39kw...,1168959,千克,0,—,27877187
84099999,未列名柴油机的零件,1463284,千克,0,—,20504636
84109010,水轮机及水轮的调节器,10,千克,100,套,725
84109090,其他水轮机及水轮的零...,2735,千克,0,—,57095
84111110,涡轮风扇喷气发动机，...,2,台,1463,千克,12100
84111190,其他涡轮喷气发动机，...,1,台,45,千克,3352
84111210,涡轮风扇喷气发动机，...,32,台,124532,千克,257001739
84112210,2238≥功率＞11...,9,台,6300,千克,235809
84118100,其他燃气轮机，P≤5...,23,台,5636,千克,6863818
84119100,涡轮喷气发动机或涡轮...,215667,千克,0,—,388348632
84119910,涡轮轴发动机用零件,868,千克,0,—,3761491
84119990,未列名燃气轮机的零件,330808,千克,0,—,49149244
84121010,航空、航天器喷气发动...,1,台,1,千克,1684
84122100,直线作用（液压缸）的...,241642,台,1516988,千克,39615076
84122910,液压马达,34222,台,1303814,千克,23138926
84122990,其他液压动力装置,3973,台,419116,千克,21430872
84123100,直线作用（气压缸）的...,282631,台,260560,千克,17505078
84123900,其他气压动力装置,43915,台,111072,千克,9131974
84128000,未列名发动机及动力装...,149729,台,44991,千克,1966842
84129010,航空器及航天器喷气发...,347,千克,0,—,601830
84129090,8412其他发动机及...,923530,千克,0,—,35412867
84131100,分装燃料或润滑油的计...,175,台,2553,千克,152093
84131900,其他装有或可装计量装...,268212,台,220160,千克,29171471
84132000,手泵，但装有或可装计...,3029133,台,33935,千克,1491639
84133021,输出P≥132.39...,82508,台,177268,千克,12623365
84133029,其他活塞式内燃发动机...,540338,台,370253,千克,14531263
84133030,活塞式内燃发动机的润...,110595,台,158844,千克,5695453
84133090,活塞式内燃发动机用冷...,398931,台,366545,千克,17002616
84134000,混凝土泵,18,台,18981,千克,591125
84135010,气动往复式排液泵,10162,台,113195,千克,8724334
84135020,电动往复式排液泵,740490,台,474106,千克,29301013
84135031,液压往复式柱塞泵,49967,台,558059,千克,12915176
84135039,其他液压往复式排液泵,32392,台,478763,千克,10696410
84135090,未列名往复式排液泵,7110,台,77114,千克,2439650
84136021,电动回转式齿轮泵,434812,台,707681,千克,36705468
84136022,液压回转式齿轮泵,29681,台,206504,千克,6701351
84136029,其他回转式齿轮泵,73388,台,104715,千克,4087739
84136031,电动回转式叶片泵,38356,台,70135,千克,2143304
84136032,液压回转式叶片泵,49889,台,105199,千克,2662552
84136039,其他回转式叶片泵,38400,台,66710,千克,2063544
84136040,回转式螺杆泵,5636,台,174474,千克,7467836
84136050,回转式径向柱塞泵,16562,台,60473,千克,2977820
84136060,回转式轴向柱塞泵,35959,台,780214,千克,15582104
84136090,其他回转式排液泵,67552,台,144506,千克,5431266
84137010,转速≥10000转/...,20842,台,5012,千克,235426
84137091,转速＜10000转/...,5844,台,156559,千克,3224765
84137099,转速＜10000转/...,438815,台,2129756,千克,56374775
84138100,未列名液体泵,13580,台,154376,千克,6358834
84138200,液体提升机,81,台,11442,千克,108507
84139100,液体泵零件,2261217,千克,0,—,68327056
84139200,液体提升机零件,19,千克,0,—,1144
84141000,真空泵,193703,台,2399759,千克,90833517
84142000,手动或脚踏式空气泵,80757,台,22784,千克,593177
84143011,冷藏、冷冻箱压缩机，...,44918,台,330840,千克,1330076
84143012,0.4kw＜电动机额...,24492,台,445431,千克,3722918
84143013,0.4kw＜电动机额...,171257,台,2265361,千克,29843176
84143014,电动机额定功率＞5k...,113892,台,1586106,千克,27193359
84143015,电动机额定功率＞5k...,1459,台,331484,千克,4402868
84143019,电机驱动的其他制冷设...,49173,台,475789,千克,7226631
84143090,非电动机驱动的制冷设...,130172,台,699206,千克,15497300
84144000,装在拖车底盘上的空气...,2,台,32,千克,1318
84145110,输出功率≤125瓦的...,173,台,2309,千克,61871
84145120,输出功率≤125瓦的...,66827,台,12436,千克,357205
84145130,输出功率≤125瓦的...,2804,台,763,千克,61706
84145191,输出功率≤125瓦的...,1099,台,722,千克,4895
84145192,输出功率≤125瓦的...,4323,台,46287,千克,1683936
84145193,输出功率≤125瓦的...,1605,台,110,千克,15917
84145199,输出功率≤125瓦的...,569107,台,123312,千克,5255161
84145920,其他换气扇,311,台,15403,千克,693818
84145930,离心通风机,167319,台,628988,千克,13984317
84145990,未列名风机、风扇,9510361,台,1970610,千克,74327807
84146010,抽油烟机，罩平面最大...,4825,台,49278,千克,1050508
84146090,其他罩平面最大边长≤...,2137,台,10117,千克,968562
84147090,其他气密生物安全柜,40,台,13129,千克,262171
84148010,燃气轮机用的自由活塞...,5,台,42,千克,1947
84148020,二氧化碳压缩机,8445,台,217013,千克,7879340
84148030,发动机用增压器（涡轮...,67624,台,808762,千克,36880758
84148041,螺杆空压机,157,台,174871,千克,3166071
84148049,未列名空气及其他气体...,39270,台,1968251,千克,54471253
84148090,其他空气泵，通风罩、...,1485019,台,383390,千克,22252285
84149011,84143011至8...,23348,千克,0,—,901757
84149019,84143011至8...,1622246,千克,0,—,21559069
84149020,84145110至8...,102521,千克,0,—,1089680
84149090,8414所列其他机器...,2506369,千克,0,—,72066594
84151010,独立窗式、壁式、置于...,80,台,20041,千克,339187
84151021,制冷量≤4000大卡...,94,台,3325,千克,133425
84151022,制冷量＞4000大卡...,184,台,20278,千克,660866
84152000,机动车辆上供人使用的...,73356,台,689042,千克,17567261
84158110,装冷热换向阀空调器，...,37,台,413,千克,28182
84158120,装冷热换向阀空调器，...,844,台,77569,千克,826352
84158210,其他空气调节器，制冷...,67,台,2158,千克,954961
84158220,其他空气调节器，制冷...,202,台,16965,千克,560174
84158300,未装有制冷装置的空气...,106,台,98806,千克,975669
84159010,84151010、8...,193638,千克,0,—,4448172
84159090,84151022、8...,1665453,千克,0,—,30868001
84161000,使用液体燃料的炉用燃...,23502,千克,405,台,860035
84162011,使用天然气的炉用燃烧...,184121,千克,5266,台,9691157
84162019,使用其他气体燃料的炉...,58,千克,14,台,13570
84162090,使用粉状固体燃料的炉...,2043,千克,6,台,80510
84169000,品目8416的零件,105991,千克,0,—,3714751
84171000,矿砂或金属的焙烧、熔...,6,台,222642,千克,5540870
84172000,面包房用烤炉及烘箱，...,4,台,3000,千克,11091
84178050,垃圾焚烧炉,8,台,45280,千克,285508
84178090,未列名非电热的工业或...,183,台,84615,千克,4102882
84179090,品目84.17其他设...,81260,千克,0,—,4342862
84181010,容积超过500升的冷...,12213,台,1524443,千克,14704175
84181020,容积超过200升，但...,13670,台,983021,千克,9891476
84181030,容积不超过200升的...,447,台,16418,千克,183660
84182110,容积＞150L的压缩...,3626,台,266837,千克,3437598
84182120,50L＜容积≤150...,120,台,2989,千克,58617
84182130,容积≤50L的压缩式...,10,台,76,千克,2570
84182910,半导体制冷式家用型冷...,208,台,2248,千克,42965
84182990,其他家用型冷藏箱,3,台,14,千克,292
84183010,T≤-40℃的柜式冷...,109,台,14021,千克,921385
84183029,T＞-40℃的柜式冷...,173,台,7638,千克,36198
84184010,T≤-40℃的立式冷...,391,台,95180,千克,1889490
84184021,T＞-40℃的立式冷...,29,台,4967,千克,490260
84184029,T＞-40℃的立式冷...,3921,台,231127,千克,2382224
84185000,用于存储和展示的其他...,754,台,64389,千克,1668941
84186120,压缩式热泵,175,台,24101,千克,257523
84186190,其他热泵,6,台,100,千克,2504
84186920,其他制冷机组,1813,台,654668,千克,16371129
84186990,未列名制冷设备,5677,台,297278,千克,17538350
84189100,冷藏或冷冻设备专用的...,120,千克,0,—,760
84189910,制冷机组及热泵的零件,150016,千克,0,—,2786176
84189991,T≤-40℃的冷冻设...,4638,千克,0,—,829135
84189992,T＞-40℃，容积＞...,97358,千克,0,—,1304918
84189999,品目8418设备的未...,309056,千克,0,—,6498651
84191100,燃气快速热水器,10166,台,166117,千克,2924460
84192000,医用或实验室用消毒器...,179,台,71550,千克,6443004
84193390,其他冷冻干燥装置、冷...,21,台,46273,千克,6697332
84193400,其他农产品干燥器,79,台,42979,千克,426726
84193500,其他木材、纸浆、纸或...,2,台,537271,千克,302834
84193990,未列名干燥器,909,台,257810,千克,12931900
84194090,其他蒸馏或精馏设备,125,台,64820,千克,2473650
84195000,热交换装置,75388,台,3248635,千克,62857361
84196019,其他制氧机,1,台,84,千克,5642
84196090,未列名液化空气或其他...,11,台,3016,千克,566339
84198100,加工热饮料或烹调、加...,5654,台,333343,千克,21404439
84198910,加氢反应器,1,台,10,千克,32349
84198990,未列名利用温度变化处...,703206,台,1796636,千克,77754257
84199010,热水器零件,21424,千克,0,—,454606
84199090,品目8419其他设备...,1015313,千克,0,—,22917420
84201000,砑光机或其他滚压机器,85,台,2197303,千克,50449544
84209100,滚筒,321,个,917250,千克,13920383
84209900,砑光机或其他滚压机器...,144644,千克,0,—,4991274
84211100,奶油分离器,102,台,2712,千克,242800
84211210,干衣量≤10公斤的干...,133,台,7583,千克,116893
84211910,脱水机,6,台,2160,千克,25800
84211920,固液分离机,158,台,202159,千克,10287568
84211990,未列名离心机，包括离...,2997,台,275316,千克,26393144
84212110,家用型水的过滤、净化...,146975,台,178979,千克,4578602
84212191,船舶压载水处理设备,41,台,311066,千克,10842893
84212199,其他非家用型水的过滤...,33681,台,361853,千克,14240607
84212200,过滤或净化饮料用的机...,816,台,2613,千克,221613
84212300,内燃发动机的过滤器,4731372,个,853864,千克,19077309
84212910,压滤机,32,个,132082,千克,5951286
84212990,未列名液体过滤、净化...,16520773,个,2182765,千克,118739803
84213100,内燃发动机的进气过滤...,182984,个,196026,千克,4082830
84213200,用于净化或过滤内燃机...,62241,个,368112,千克,25547240
84213910,家用型气体的过滤、净...,235606,个,65040,千克,1997513
84213921,工业用静电除尘器,706,个,11353,千克,468875
84213922,工业用袋式除尘器,105,个,13066,千克,364159
84213923,工业用旋风式除尘器,389,个,18753,千克,435028
84213929,其他工业用除尘器,374,个,120581,千克,4130763
84213940,烟气脱硫装置,4,个,56190,千克,1835231
84213950,烟气脱硝装置,4889,个,77150,千克,1121278
84213990,其他非家用型气体的过...,2738288,个,1020987,千克,74876604
84219110,干衣量≤10公斤的干...,3,千克,0,—,21
84219190,其他离心机（包括离心...,135557,千克,0,—,7398703
84219910,家用型过滤、净化装置...,481864,千克,0,—,10347123
84219990,品目8421未列名机...,3755653,千克,0,—,166353450
84221100,家用型洗碟机,15414,台,509799,千克,7964483
84221900,非家用型洗碟机,257,台,19324,千克,576181
84222000,瓶子或其他容器的洗涤...,57,台,53174,千克,6625372
84223010,饮料及液体食品罐装设...,24,台,362376,千克,32814533
84223029,其他水泥灌装机,2,台,7800,千克,305352
84223030,其他灌装机、包装机,107,台,221639,千克,33864076
84223090,其他容器装封、贴标签...,832,台,178735,千克,16466778
84224000,其他包装或打包机器（...,2005,台,652352,千克,50640951
84229010,洗碟机零件,103311,千克,0,—,1454235
84229020,饮料及液体食品罐装设...,22703,千克,0,—,4233483
84229090,品目8422其他机器...,75311,千克,0,—,13179048
84231000,体重计，包括婴儿秤；...,2097,台,2473,千克,76366
84232010,电子皮带秤,19,台,14557,千克,323276
84232090,其他输送带上连续称货...,4,台,773,千克,76158
84233010,定量包装秤,43,台,8713,千克,514125
84233020,定量分选秤,37,台,4276,千克,500287
84233030,配料秤,103,台,27481,千克,2113324
84233090,其他恒定秤、物料定量...,115,台,3073,千克,186336
84238110,计价秤,53,台,816,千克,41612
84238120,弹簧秤,40562,台,25522,千克,126585
84238190,未列名衡器，最大称量...,16543,台,13910,千克,819760
84238210,地中衡,9,台,321,千克,7925
84238290,未列名衡器，30kg...,1159,台,20693,千克,1427323
84238910,地中衡,20,台,1089,千克,17514
84238920,轨道衡,1,台,94,千克,2717
84238990,未列名最大称量＞50...,543,台,11017,千克,879160
84239000,衡器用的各种砝码、秤...,27476,千克,279131,台,3805766
84241000,灭火器，不论是否装药,6530,个,669783,千克,5305118
84242000,喷枪及类似器具,180625,个,60668,千克,7094620
84243000,喷汽机、喷砂机及类似...,672,台,154444,千克,6095166
84244100,便携式农业或园艺用喷...,4385,台,23451,千克,333546
84244900,其他农业或园艺用喷雾...,14103,台,26180,千克,401789
84248200,农业或园艺用液体或粉...,28916,台,39892,千克,383019
84248910,家用液体或粉末的喷射...,62958,台,11207,千克,192890
84248920,喷涂机器人,211,台,195286,千克,15169333
84248991,船用洗舱机,286,台,19244,千克,464448
84248999,未列名液体或粉末的喷...,225065,台,912813,千克,44558510
84249010,灭火器的零件,39010,千克,0,—,2258899
84249020,家用液体或粉末喷射、...,36104,千克,0,—,483462
84249090,品目8424其他机器...,300531,千克,0,—,26067481
84251100,电动的滑车及提升机,1489,台,188908,千克,4691798
84251900,非电动的滑车及提升机,1445,台,13026,千克,584943
84253190,其他电动的卷扬机及绞...,1234,台,890278,千克,9673485
84253990,其他非电动卷扬机及绞...,373,台,270456,千克,2275733
84254210,其他液压千斤顶,694,台,17628,千克,506205
84254290,提升车辆用的液压提升...,120,台,63982,千克,446786
84254910,未列名千斤顶,10176,台,55351,千克,1146031
84254990,其他提升车辆用的提升...,10,台,687,千克,22150
84261190,其他固定支架的高架移...,2,台,940,千克,32731
84261200,胶轮移动式吊运架及跨...,8,台,1603,千克,280115
84261990,未列名桥架类起重机和...,3,台,692,千克,108097
84263000,门座式起重机及座式旋...,39,台,120273,千克,1420419
84264910,履带式起重机,1,台,8167,千克,302060
84269100,供装于公路车辆的其他...,20,台,17100,千克,139773
84269900,未列名起重机,16,台,43635,千克,1535530
84271010,电动机推进的有轨巷道...,26,台,166020,千克,4128098
84271020,电动机推进的无轨巷道...,19,台,78946,千克,741145
84271090,其他电动叉车及装有升...,652,台,1687060,千克,7953552
84272090,其他机动叉车其他装有...,82,台,394162,千克,1818514
84279000,未列名叉车等装有升降...,171,台,154167,千克,1885535
84281010,载客电梯,67,台,295081,千克,2719717
84281090,其他升降机及倒卸式起...,28,台,90694,千克,1620013
84282000,气压升降机及输送机,102,台,79304,千克,6207401
84283100,地下专用的连续运送货...,11,台,67705,千克,2399601
84283200,斗式连续运送货物的升...,72,台,37560,千克,1309119
84283300,带式连续运送货物的升...,1772,台,279507,千克,14209940
84283910,链式连续运送货物或材...,57,台,109483,千克,4237134
84283920,辊式连续运送货物或材...,382,台,102528,千克,7135454
84283990,未列名连续运送货物的...,2900,台,793667,千克,35017203
84286090,其他缆车、座式升降机...,26,台,10202,千克,195664
84287000,工业机器人,479,台,78234,千克,4925398
84289031,堆取料机械,14,台,54740,千克,1400311
84289039,其他装卸机械,33,台,75792,千克,2434752
84289090,未列名升降、搬运机械,24537,台,2173970,千克,75770658
84291110,履带式推土机，P＞2...,2,台,53860,千克,15646
84291190,其他履带式推土机,5,台,39810,千克,227055
84293090,其他铲运机,2,台,15870,千克,70886
84295100,前铲装载机,18,台,155538,千克,1685935
84295211,上部360度旋转的轮...,4,台,56420,千克,45000
84295212,上部360度旋转的履...,122,台,1848510,千克,7782262
84295290,上部360度旋转的机...,1,台,38070,千克,221455
84301000,打桩机及拔桩机,4,台,41918,千克,606879
84302000,扫雪机及吹雪机,38,台,6262,千克,141934
84303900,非自推进的采（截）煤...,44,台,6052,千克,1168120
84304900,非自推进的钻探或凿井...,26,台,100652,千克,3077958
84305090,未列名自推进泥土、矿...,11,台,218476,千克,5544235
84306100,非自推进的捣固或压实...,189,台,18411,千克,222685
84306990,未列名非自推进泥土、...,2,台,12731,千克,451769
84311000,品目8425所列机械...,72047,千克,0,—,1687248
84312010,品目84.27所列机...,393940,千克,12248,个,2826931
84312090,品目8427所列机械...,962268,千克,0,—,9562295
84313100,升降机、倒卸式起重机...,405116,千克,0,—,6254873
84313900,其他8428所列机械...,539596,千克,0,—,28743354
84314100,戽斗、铲斗、抓斗及夹...,223648,千克,122,个,1859752
84314200,推土机或侧铲推土机用...,14379,千克,429,个,18671
84314310,石油或天然气钻机的零...,259743,千克,0,—,9307018
84314320,其他钻探机械的零件,57070,千克,0,—,1588419
84314390,凿井机械的零件,3081,千克,0,—,256266
84314920,品目84.26、84...,1333820,千克,17053,个,8731685
84314991,矿用电铲用零件,11724,千克,0,—,361032
84314999,品目8426、842...,7102667,千克,0,—,65772646
84321000,犁,15,台,9551,千克,61697
84322100,圆盘耙,5,台,28979,千克,161905
84322900,其他耙、松土机、中耕...,2026,台,118196,千克,1289244
84323111,免耕直接谷物播种机,2,台,13192,千克,168400
84323119,其他免耕直接播种机,6,台,1945,千克,175395
84323131,免耕直接水稻插秧机,14,台,7785,千克,38198
84323139,其他免耕直接移植机（...,4,台,2146,千克,167188
84323911,其他谷物播种机,14,台,9918,千克,130514
84323919,未列名播种机,6,台,4220,千克,72615
84323931,其他水稻插秧机,1,台,115,千克,1489
84323939,未列名移植机（栽植机...,4,台,888,千克,19744
84324100,粪肥施肥机,2,台,705,千克,9377
84324200,化肥施肥机,83,台,9204,千克,418233
84328090,未列名农业、园艺及林...,13,台,7166,千克,151440
84329000,品目8432所列机械...,251201,千克,0,—,1092140
84331100,割刀水平旋转草坪、公...,4160,台,79342,千克,768837
84331900,其他草坪、公园或运动...,285,台,3335,千克,31290
84332000,其他割草机，包括牵引...,543,台,44185,千克,446513
84333000,其他干草切割、翻晒机...,20,台,39952,千克,483498
84334000,草料打包机，包括收集...,55,台,550489,千克,7007707
84335100,联合收割机,69,台,979878,千克,8013859
84335200,其他脱粒机,57,台,10763,千克,107256
84335300,根茎或块茎收获机,38,台,376596,千克,4560423
84335920,棉花采摘机,24,台,691019,千克,14437743
84335990,未列名收割机,32,台,446488,千克,5858084
84336010,蛋类清洁、分选、分级...,2,台,3320,千克,1010000
84336090,水果或其他农产品的清...,20,台,257810,千克,7062483
84339010,联合收割机的零件,227612,千克,0,—,2218732
84339090,其他品目8433所列...,226318,千克,0,—,4418358
84341000,挤奶机,3,台,20782,千克,590058
84342000,乳品加工机器,8,台,4028,千克,290080
84349000,挤奶机及乳品加工机器...,64387,千克,0,—,1342553
84351000,制酒、制果汁或制饮料...,68,台,1070,千克,56637
84359000,84351000所列...,42,千克,0,—,242
84361000,动物饲料配制机,27,台,77559,千克,474727
84362100,家禽孵卵器及育雏器,495,台,2255,千克,136573
84362900,家禽饲养机器,4524,台,49116,千克,953239
84368000,其他农、林业机器,1238,台,209115,千克,4371446
84369100,家禽饲养、孵卵及育雏...,6899,千克,0,—,116301
84369900,品目8436所列其他...,41508,千克,0,—,1465287
84371010,光学色差颗粒选别机（...,2,台,580,千克,250849
84371090,其他种子、谷物或干豆...,14,台,10314,千克,281372
84378000,谷物磨粉业加工机器或...,14,台,8407,千克,263169
84379000,品目8437所列机械...,6575,千克,0,—,157816
84381000,糕点加工及生产通心粉...,206,台,123222,千克,6082351
84382000,生产糖果、可可粉、巧...,12,台,2001,千克,206267
84385000,肉类或家禽加工机器,381,台,181582,千克,8954977
84386000,水果、坚果或蔬菜加工...,638,台,60968,千克,3368282
84388000,其他食品、饮料工业用...,5098,台,186082,千克,10523141
84389000,品目8438所列机械...,72476,千克,0,—,2331521
84391000,制造纤维素纸浆的机器,5,台,272700,千克,5729050
84392000,纸或纸板的制造机器,4,台,62552,千克,2218575
84393000,纸或纸板的整理机器,21,台,292385,千克,4074543
84399100,制造纤维素纸浆机器的...,164625,千克,0,—,2870583
84399900,制造或整理纸及纸板机...,1058062,千克,0,—,41469590
84401010,锁线装订机,4,台,54029,千克,1639400
84401020,胶订机,6,台,33075,千克,449789
84401090,其他书本装订机器,214,台,278399,千克,1882248
84409000,书本装订机器的零件,4400,千克,0,—,309610
84411000,切纸机,2222,台,333284,千克,9107159
84412000,制造包、袋或信封的机...,1,台,20730,千克,605871
84413090,其他制造箱、盒、管、...,1,台,775,千克,25524
84414000,纸浆、纸或纸板制品模...,8,台,34560,千克,90215
84418090,其他制造纸浆制品、纸...,9,台,6209,千克,230566
84419010,切纸机零件,118869,千克,0,—,2133299
84419090,其他制造（纸浆、纸或...,158458,千克,0,—,5078857
84423021,计算机直接制版设备,18,台,36697,千克,1601891
84423029,其他制版机器、器具及...,3,台,562,千克,912759
84423090,品目8442其他的机...,1,台,600,千克,53000
84424000,子目8442.30所...,7252,千克,0,—,306150
84425000,印刷用版（片）、滚筒...,34936,千克,0,—,1388700
84431100,卷取进料式胶印机,5,台,360225,千克,1203358
84431311,平张纸进料式单色胶印...,8,台,35640,千克,57107
84431312,平张纸进料式双色胶印...,3,台,62045,千克,306920
84431313,平张纸进料式四色胶印...,19,台,739469,千克,8208939
84431319,其他平张纸进料式胶印...,46,台,3156572,千克,37721987
84431390,未列名胶印机,2,台,73793,千克,2926915
84431500,非卷取进料式的凸版印...,5,台,153,千克,16006
84431600,苯胺印刷机,4,台,41047,千克,850497
84431700,凹版印刷机,9,台,76306,千克,5453447
84431921,圆网印刷机,1,台,13030,千克,315000
84431922,平网印刷机,34,台,102519,千克,5271863
84431929,其他网式印刷机,2,台,4950,千克,310742
84431980,未列名印刷机,1,台,4,千克,11029
84433110,有打复印及传真两种及...,202994,台,5415670,千克,50347321
84433190,其他具有打复印及传真...,327024,台,1927365,千克,28970659
84433211,专用于品目8471所...,52294,台,270650,千克,5913531
84433212,专用于品目8471所...,117247,台,1000346,千克,15765042
84433213,专用于品目8471所...,18516,台,86552,千克,1736576
84433214,专用于品目84.71...,31274,台,104607,千克,4924585
84433219,其他专用于品目847...,8423,台,83630,千克,3289195
84433221,数字式喷墨印刷机，可...,5663,台,237276,千克,9727526
84433222,数字式静电照相印刷机...,1213,台,147967,千克,8287819
84433229,其他数字式印刷设备，...,373,台,25357,千克,648245
84433290,其他单一功能印刷、复...,80481,台,457194,千克,10894285
84433923,热敏复印设备,8,台,28,千克,12863
84433931,数字式喷墨印刷机,6,台,333,千克,108337
84433939,其他数字式印刷设备,11021,台,6533,千克,196241
84433990,其他印刷（打印）机、...,3367,台,5206,千克,236056
84439111,卷筒料给料机,83020,千克,12,台,77848
84439119,其他印刷用辅助机器,32335,千克,4,台,522713
84439190,用8442所列印版等...,192485,千克,270013,个,6088960
84439910,数字印刷设备用辅助机...,5777,千克,60,台,225755
84439921,数字印刷设备用热敏打...,24835,千克,1004519,个,11658954
84439929,数字印刷设备的其他零...,234950,千克,0,—,64873049
84439990,品目8443所列设备...,7888117,千克,0,—,242125454
84440010,合成纤维长丝纺丝机,9,台,758318,千克,19632809
84440040,化学纤维变形机,22,台,711433,千克,12049425
84440050,化学纤维切断机,50,台,60,千克,2658
84440090,其他纺织化纤挤压、拉...,730,台,2378660,千克,57956640
84451120,毛纤维型梳理机,3,台,133065,千克,243383
84451190,其他梳理机,4,台,178421,千克,4195061
84451322,毛纺粗纱机,1,台,12900,千克,105801
84451900,纺织纤维的其他预处理...,71,台,92690,千克,5523156
84452032,喷气纺纱机,58,台,663150,千克,22981300
84452041,棉细纱机,3,台,55200,千克,344726
84452090,其他纺纱机,6,台,0,千克,799
84453000,并线机或加捻机,10,台,17299,千克,438302
84454010,自动络筒机,71,台,543342,千克,8742801
84454090,其他络纱机或摇纱机,51,台,72170,千克,1666052
84459010,整经机,1,台,4650,千克,138758
84459020,浆纱机,1,台,22800,千克,337140
84459090,未列名纺织纱线的其他...,56,台,99904,千克,5260091
84461000,织物宽度≤30cm的...,1,台,1362,千克,432986
84463020,织物宽度＞30cm的...,146,台,666058,千克,8127242
84463030,织物宽度＞30cm的...,14,台,74804,千克,240746
84463040,织物宽度＞30cm的...,46,台,81835,千克,711476
84463050,织物宽度＞30cm的...,282,台,874738,千克,9758792
84471100,圆筒直径≤165mm...,47,台,12055,千克,475285
84471200,圆筒直径＞165mm...,13,台,36664,千克,793623
84472012,拉舍尔经编机,1,台,12400,千克,268232
84472019,其他经编机,1,台,15900,千克,350018
84472020,平型纬编机,36,台,21199,千克,338797
84479011,簇绒地毯织机,1,台,12880,千克,154662
84479019,其他簇绒机,1,台,3000,千克,306382
84479020,绣花机,35,台,360,千克,11939
84479090,未列名织造花线、网眼...,10,台,6120,千克,257129
84481100,多臂机或提花机及其卡...,63698,千克,0,—,2230841
84481900,品目8444、844...,85544,千克,0,—,1473200
84482020,喷丝头或喷丝板,12460,个,70243,千克,14775356
84482090,品目8444机器及其...,62443,千克,0,—,6166082
84483100,钢丝针布,88143,千克,0,—,1938902
84483200,纺织纤维预处理机器的...,206126,千克,0,—,6140986
84483310,络筒绽,584,个,21483,千克,342754
84483390,其他锭子、锭壳、纺丝...,12362,千克,0,—,1441265
84483920,电子清纱器,12143,个,6214,千克,2213238
84483930,空气捻接器,3306,个,5538,千克,261098
84483940,环锭细纱机紧密纺装置,490,个,948,千克,76499
84483990,品目8445的机器及...,720764,千克,0,—,11377713
84484200,织机用筘、综丝及综框,17823,千克,0,—,828741
84484910,接、投梭箱,1,个,120,千克,7534
84484920,引纬、送经装置,125,个,166,千克,48220
84484930,梭子,5440,个,1866,千克,26116
84484990,织机及其辅助机器的未...,78197,千克,0,—,3958973
84485120,针织机用28号针以下...,19127,千克,0,—,6779980
84485190,沉降片、未列名织针及...,16953,千克,0,—,4263802
84485900,品目8447机器及其...,195423,千克,0,—,6407769
84490010,针刺机,5253508,台,149610,千克,2914768
84490020,水刺设备,161,台,224,千克,94986
84490090,其他毡呢或无纺织物制...,178984,千克,0,—,5783284
84501110,波轮式全自动洗衣机，...,48,台,1728,千克,15721
84501120,滚筒式全自动洗衣机，...,6423,台,467480,千克,3734300
84501190,其他全自动洗衣机，干...,2,台,1,千克,146
84502011,干衣量超过10千克的...,22,台,1274,千克,20969
84502012,干衣量超过10千克的...,503,台,55394,千克,551703
84502019,其他干衣量超过10千...,98,台,17889,千克,334332
84502090,干衣量超过10千克的...,56,台,8770,千克,192800
84509010,干衣量≤10kg的洗...,123862,千克,0,—,1251106
84509090,干衣量＞10kg的洗...,45763,千克,0,—,451220
84511000,干洗机,2,台,3015,千克,56312
84512100,干衣量≤10kg的干...,17877,台,987016,千克,10952497
84512900,干衣量＞10kg的干...,611,台,53751,千克,633173
84513000,熨烫机及挤压机（包括...,5238,台,11828,千克,343011
84514000,洗涤、漂白或染色机器,43,台,199402,千克,3653682
84515000,纺织物卷绕、退绕、折...,318,台,96956,千克,4043898
84518000,纱、织物等整、涂机器...,946,台,692080,千克,9013532
84519000,品目8451所列机器...,62130,千克,0,—,1946267
84521010,多功能家用型缝纫机,7071,台,44223,千克,664074
84522110,非家用型自动平缝机,318,台,6420,千克,284120
84522120,非家用型自动包缝机,45,台,1983,千克,108852
84522130,非家用型自动绷缝机,32,台,1838,千克,60240
84522190,其他非家用型自动缝纫...,1774,台,102565,千克,3623376
84522900,其他非家用型缝纫机,1619,台,92674,千克,1131092
84523000,缝纫机针,21234,千克,0,—,1472635
84529011,家用型缝纫机旋梭,289,千克,0,—,49950
84529019,家用缝纫机专用的特制...,18129,千克,0,—,436135
84529091,非家用型缝纫机的旋梭,3955,千克,0,—,1159807
84529092,非家用型缝纫机专用的...,2903,千克,0,—,17141
84529099,其他非家用型缝纫机未...,54833,千克,0,—,2482380
84531000,生皮、皮革的处理、鞣...,60,台,207328,千克,3508788
84532000,鞋靴制作或修理机器,21,台,5065,千克,67879
84538000,毛皮及其他皮革制品的...,56,台,18778,千克,325138
84539000,品目8453所列机器...,23233,千克,0,—,849730
84543010,冷室压铸机,4,台,196800,千克,1616653
84543090,其他铸造机,12,台,189389,千克,4972196
84549010,炉外精炼设备的零件,953,千克,0,—,24525
84549022,钢坯连铸机用振动装置,44,千克,0,—,11512
84549029,其他钢坯连铸机用零件,52741,千克,0,—,3324299
84549090,其他转炉、浇包、锭模...,180328,千克,0,—,1814974
84552120,型钢轧机,1,台,137575,千克,5139660
84552130,线材轧机,1,台,80785,千克,1356193
84552210,板材冷轧机,1,台,62265,千克,1635727
84553000,金属轧机用轧辊,3121,个,927535,千克,4756743
84559000,其他金属轧机零件,347049,千克,0,—,8675498
84561100,用激光处理各种材料的...,481,台,748408,千克,49678427
84562000,用超声波处理材料的加...,40,台,973,千克,59957
84563010,数控的用放电处理各种...,162,台,612467,千克,14188094
84564010,等离子切割机,64,台,44293,千克,2634218
84564090,其他用等离子弧处理各...,2,台,6620,千克,471769
84565000,水射流切割机,8,台,41659,千克,1010196
84569000,用电化学法、电子束或...,12,台,2982,千克,1108207
84571010,立式加工中心,1107,台,4926928,千克,81857876
84571020,卧式加工中心,266,台,4965680,千克,72933940
84571030,龙门式加工中心,49,台,2160664,千克,19154380
84571091,铣车复合加工中心,27,台,470189,千克,12344182
84571099,未列名加工中心,2,台,114135,千克,3213066
84572000,单工位组合机床,2,台,16611,千克,1513391
84573000,多工位组合机床,15,台,77883,千克,3714842
84581100,数控卧式车床,277,台,1848207,千克,32443870
84581900,其他卧式车床,56,台,107513,千克,815226
84589110,数控立式车床,44,台,1201428,千克,16274714
84589900,其他车床,2,台,27115,千克,22561
84591000,直线移动式动力头机床,2,台,150,千克,9023
84592100,数控钻床,2,台,23537,千克,1138900
84592900,其他钻床,208,台,4096,千克,132741
84593100,数控镗铣床,7,台,401546,千克,2982499
84594100,数控镗床,2,台,76005,千克,1449437
84595900,其他升降台式铣床,2,台,3650,千克,22451
84596110,龙门数控铣床,14,台,252324,千克,1557289
84596190,未列名数控铣床,15,台,98365,千克,1748274
84596990,未列名铣床,110,台,12028,千克,345878
84597000,其他攻丝机床,10,台,7290,千克,460936
84601210,数控平面磨床，在任一...,36,台,333270,千克,5216509
84601290,其他数控平面磨床,3,台,22905,千克,1306889
84601910,其他平面磨床，在任一...,68,台,114677,千克,1629705
84602210,数控无心磨床，在任一...,3,台,10800,千克,178893
84602290,其他数控无心磨床,1,台,2817,千克,323000
84602311,数控曲轴磨床，在任一...,2,台,65473,千克,2178950
84602319,其他数控外圆磨床，在...,35,台,249601,千克,8672521
84602390,其他数控外圆磨床,6,台,116180,千克,4894225
84602411,数控内圆磨床，在任一...,12,台,54785,千克,2595574
84602419,其他数控磨床，在任一...,52,台,528855,千克,17916057
84602490,其他数控磨床,4,台,27468,千克,543796
84602911,其他外圆磨床，在任一...,14,台,35090,千克,633602
84602912,其他内圆磨床，在任一...,1,台,3315,千克,107966
84602919,未列名磨床，在任一坐...,5,台,9410,千克,178984
84602990,本品目其他编码未列名...,14,台,15912,千克,188631
84603100,数控刃磨机床,49,台,175070,千克,8269879
84603900,其他刃磨机床,8,台,3021,千克,64240
84604010,金属珩磨机床,13,台,118145,千克,2207445
84604020,金属研磨机床,54,台,84932,千克,2523408
84609010,砂轮机,49,台,4358,千克,110911
84609020,抛光机床,31,台,65356,千克,951720
84609090,未列名用磨石、磨料等...,65,台,33852,千克,1481219
84612020,插床,1,台,4880,千克,4267
84613000,拉床,6,台,30932,千克,1074287
84614011,数控齿轮磨床,30,台,508333,千克,20111386
84614019,数控切齿机或数控齿轮...,14,台,268862,千克,8327267
84614090,其他切齿机、齿轮磨床...,4,台,3400,千克,60000
84615000,锯床或切断机,96,台,171679,千克,4876069
84619090,未列名的金属切削机床,104,台,34458,千克,2255898
84621110,数控闭式锻造机（模锻...,119,台,141166,千克,2181455
84621190,其他闭式锻造机（模锻...,34,台,216318,千克,2333224
84621910,其他数控热锻设备，热...,1,台,85196,千克,1489894
84621990,未列名热锻设备，热模...,4,台,13570,千克,149038
84622290,板材用其他型材成型机,3,台,16458,千克,397197
84622300,板材用数控折弯机,7,台,29520,千克,1092332
84622400,板材用数控多边折弯机,6,台,85966,千克,2354598
84622500,板材用数控卷板机,2,台,94357,千克,621857
84622610,板材用其他数控矫直机...,7,台,99811,千克,2179949
84622690,板材用其他数控弯曲、...,5,台,21980,千克,494025
84622910,板材用其他矫直机床,8,台,35647,千克,585886
84622990,板材用其他弯曲、折叠...,25,台,100418,千克,3438125
84623210,板材用数控纵剪线和定...,1,台,91220,千克,1416950
84623300,板材用其他数控剪切机...,5,台,7140,千克,428400
84623900,未列名板材用剪切机床,5,台,273,千克,3567
84624211,板材用自动模式数控步...,2,台,59050,千克,1704256
84624212,板材用其他数控冲床,17,台,185791,千克,4255831
84624290,板材用其他数控冲孔、...,13,台,137847,千克,2893566
84624900,板材用其他冲孔、开槽...,47,台,130005,千克,1698701
84625100,数控金属管道、管材、...,7,台,25050,千克,801459
84626110,数控液压压力机,3,台,20500,千克,554497
84626190,其他液压压力机,17,台,40860,千克,2004257
84626210,数控机械压力机,7,台,712393,千克,4666437
84626290,其他机械压力机,61,台,485704,千克,3918195
84626300,伺服压力机,39,台,75140,千克,3934263
84626910,数控的其他金属冷加工...,8,台,7920,千克,1374545
84626990,其他金属冷加工压力机,5,台,15642,千克,759472
84629010,未列名加工金属或硬质...,6,台,32101,千克,2566433
84629090,未列名加工金属或硬质...,32,台,24811,千克,2724938
84631020,拔丝机,17,台,93467,千克,2101661
84631090,其他金属杆、管、型材...,1,台,26,千克,15800
84632000,金属螺纹滚轧机,29,台,62760,千克,907136
84633000,金属丝加工机,25,台,76559,千克,2515660
84639000,未列名的金属非切削加...,99,台,166680,千克,6909971
84641010,石料等矿物材料及玻璃...,7,台,212,千克,14886
84641090,其他石料等矿物材料及...,2,台,447,千克,21677
84642010,玻璃冷加工研磨或抛光...,408,台,297003,千克,10645461
84642090,石料等矿物材料的研磨...,39,台,94826,千克,3877612
84649011,玻璃切割机,21,台,10060,千克,297949
84649019,其他玻璃冷加工机床,71,台,169920,千克,4575369
84649090,石料等矿物材料加工的...,43,台,62844,千克,3861534
84651000,不需更换工具即可进行...,3,台,7719,千克,950377
84652010,以刨、铣、钻孔、研磨...,6,台,53680,千克,1295142
84652090,其他加工中心,1,台,8655,千克,199988
84659100,木材、软木、骨、硬质...,2299,台,153720,千克,1852865
84659200,木材、软木等硬质材料...,159,台,19141,千克,1201644
84659300,木材、软木等硬质材料...,95,台,33880,千克,1339991
84659400,木材、软木、骨等硬质...,11,台,17079,千克,1071122
84659500,木材、软木、骨等硬质...,219,台,13837,千克,259321
84659600,木材、软木等硬质材料...,41,台,64590,千克,1425835
84659900,木材、软木、骨等硬质...,42,台,134807,千克,3842538
84661000,工具夹具及自启板牙切...,215948,千克,0,—,21055593
84662000,工件夹具,339228,千克,0,—,18691731
84663000,分度头及其他专用于机...,294183,千克,0,—,11086036
84669100,品目84.64所列机...,30465,千克,0,—,4989612
84669200,品目84.65所列机...,63844,千克,0,—,2072757
84669310,刀库及自动换刀装置,569051,千克,0,—,7782111
84669390,品目84.56至84...,2028916,千克,0,—,50759029
84669400,品目8462或846...,455849,千克,0,—,14385994
84671100,旋转式（包括旋转冲击...,53845,台,55429,千克,3261329
84671900,其他手提式风动工具,49533,台,78470,千克,3138605
84672100,手提式各种电钻,48279,台,124075,千克,2579920
84672210,电动手提式链锯,6035,台,15708,千克,213402
84672290,其他手提式电锯,4352,台,16946,千克,570906
84672910,手提电动砂磨工具（包...,8478,台,23643,千克,692778
84672920,手提式电刨,243,台,877,千克,17786
84672990,其他手提式电动工具,151953,台,286315,千克,17110312
84678100,装有非电力动力装置的...,8002,台,51378,千克,1857283
84678900,其他液压及非电力动力...,8325,台,99643,千克,4019087
84679110,电动手提式链锯用的零...,4421,千克,0,—,196947
84679190,其他手提式链锯用的零...,50337,千克,0,—,993538
84679200,手提式风动工具用的零...,18491,千克,0,—,1184319
84679910,品目8467所列其他...,304932,千克,0,—,12872864
84679990,品目8467所列其他...,87740,千克,0,—,1817639
84681000,手提喷焊器,53,台,194,千克,37950
84682000,其他气体焊接或表面回...,38,台,6638,千克,433368
84688000,未列名焊接机器及装置,25,台,59020,千克,3886642
84689000,品目8468所列机器...,51144,千克,0,—,1919583
84701000,不需外接电源的电子计...,981761,台,186749,千克,4317486
84703000,其他计算机器,3,台,5,千克,3081
84705010,销售点终端出纳机,4045,台,8830,千克,1268852
84705090,其他现金出纳机,307,台,2226,千克,698389
84709000,装有计算装置的邮资盖...,180,台,129,千克,13898
84713010,平板电脑,12337,台,10813,千克,7767742
84713090,其他重量不超过10千...,87847,台,150986,千克,53593945
84714110,巨型、大型及中型自动...,11,台,304,千克,70358
84714120,小型自动数据处理机,233,台,3757,千克,1019542
84714140,微型自动数据处理机,2706,台,20110,千克,5786748
84714190,未列名自动数据处理设...,811,台,8773,千克,1713127
84714910,系统形式的巨型机、大...,2,台,91,千克,35674
84714920,系统形式的小型机,45,台,2540,千克,1854553
84714940,系统形式的微型机,2399,台,14174,千克,14474035
84714991,系统形式的分散型工业...,1290,台,24744,千克,11365632
84714999,其他系统形式的自动数...,209,台,5011,千克,4124895
84715010,巨型机、大型机及中型...,67,台,1725,千克,1021209
84715020,小型机的处理部件,2878,台,23784,千克,11944122
84715040,微型机的处理部件,820012,台,417558,千克,229675412
84715090,其他处理部件,115599,台,98154,千克,41108599
84716040,巨型机、大型机、中型...,3689,台,284,千克,132549
84716050,扫描仪,43952,台,160745,千克,9132184
84716060,数字化仪,1303,台,1026,千克,260926
84716071,键盘,205490,个,83273,千克,5021621
84716072,鼠标器,182245,个,27766,千克,5050378
84716090,其他输入或输出部件,11297431,台,281778,千克,115290720
84717011,固态硬盘(SSD),16312155,台,304031,千克,1225285174
84717019,硬盘驱动器（固态硬盘...,6558518,台,3082004,千克,688354337
84717020,软盘驱动器,430,台,13,千克,8262
84717030,光盘驱动器,257193,台,44503,千克,3480784
84717090,其他存储部件,96795,台,161719,千克,49501210
84718000,自动数据处理设备的其...,1300314,台,559804,千克,436270111
84719000,其他磁性或光学阅读机...,251181,台,40929,千克,30966898
84723090,信件折迭机、信件开封...,1,台,50,千克,11613
84729021,打洞机,234,台,372,千克,5480
84729022,订书机,88058,台,12725,千克,192960
84729029,其他装订用机器,838,台,1115,千克,24570
84729030,碎纸机,66,台,4631,千克,80451
84729050,文字处理机,2,台,26,千克,6451
84729060,打字机，但品目84....,3,台,1,千克,102
84729090,未列名办公室用机器,8215,台,9385,千克,378367
84732100,电子计算器的零件、附...,1688,千克,0,—,237212
84732900,品目8470所列其他...,31394,千克,0,—,5593206
84733010,大、中、小型计算机及...,386042,千克,0,—,65955335
84733090,品目8471所列其他...,2910514,千克,0,—,1849856733
84734010,自动柜员机用出钞器和...,22,千克,0,—,1311
84734020,编码8472.905...,2552,千克,0,—,234844
84734090,品目8472所列机器...,203298,千克,0,—,8104523
84735000,同样适用于品目84....,11047,千克,0,—,2040984
84741000,固体矿物质的分类、筛...,224,台,497581,千克,7272466
84742010,齿辊式固体矿物质的破...,5,台,140911,千克,2325884
84742020,球磨式固体矿物质的破...,9,台,2783,千克,147722
84742090,其他固体矿物质的破碎...,33,台,527202,千克,6946202
84743100,混凝土或砂浆混合机器,8,台,2600,千克,12942
84743900,固体矿物质的其他混合...,43,台,26900,千克,1318599
84748010,固体矿物质辊压成型机,3,台,67072,千克,2716962
84748020,固体矿物质模压成型机,8,台,3190,千克,199246
84748090,其他固体矿物燃料、陶...,22,台,1015,千克,168924
84749000,品目8474所列机器...,1567764,千克,0,—,11817756
84751000,灯泡、灯管、电子管及...,10,台,0,千克,12
84752100,制造光导纤维及其预制...,2,台,7050,千克,414623
84752919,其他玻璃热加工机器,47,台,234159,千克,10542370
84752990,未列名玻璃或玻璃制品...,3,台,33315,千克,1503268
84759000,品目8475所列机器...,18814,千克,0,—,11349838
84762100,装有加热或制冷装置的...,96,台,11670,千克,229599
84768100,装有加热或制冷装置的...,1,台,610,千克,2619
84768900,无加热或制冷装置的其...,210,台,1566,千克,132137
84769000,自动售货机及钱币兑换...,5280,千克,0,—,868637
84771010,注塑机,571,台,3981994,千克,45185758
84771090,其他注射机,12,台,50040,千克,2016827
84772010,塑料造粒机,24,台,1627809,千克,43267303
84772090,其他挤出机,264,台,1322146,千克,54860291
84773010,挤出吹塑机,5,台,104819,千克,3250239
84773020,注射吹塑机,5,台,62869,千克,1380302
84773090,其他吹塑机,5,台,184973,千克,5824011
84774010,塑料中空成型机,4,台,50,千克,13000
84774020,塑料压延成型机,21,台,34143,千克,1219043
84774090,其他真空模塑机及其他...,37,台,1929628,千克,37342129
84775100,充气轮胎模塑或翻新及...,19,台,183,千克,18532
84775900,其他模塑或成型机器,29,台,100888,千克,3580178
84778000,其他橡胶或塑料及其产...,495,台,2775795,千克,80569011
84779000,品目8477所列机器...,576077,千克,0,—,28318820
84781000,烟草加工及制作机器,4,台,63649,千克,6350313
84789000,烟草加工及制作机器的...,15365,千克,0,—,2583164
84791090,其他公共工程用机器,24,台,27744,千克,458176
84792000,提取、加工动物油脂、...,17,台,22270,千克,52836
84794000,绳或缆的制造机器,57,台,63883,千克,2326096
84795010,多功能工业机器人,7668,台,5024408,千克,104432581
84795090,未列名工业机器人,69,台,28150,千克,2486594
84796000,蒸发式空气冷却器,63,台,3730,千克,372601
84798110,线圈绕线机,868,台,93555,千克,5932592
84798190,未列名处理金属的机械,604,台,1173446,千克,56003593
84798200,搅混、轧碎、研磨、筛...,5585,台,768226,千克,50806083
84798390,其他冷等静压机,1,台,5470,千克,232070
84798910,船舶用舵机及陀螺稳定...,1274,台,399891,千克,3051315
84798920,空气增湿器及减湿器,18774,台,38863,千克,2695409
84798940,邮政用包裹、印刷品分...,2,台,2630,千克,295927
84798961,自动插件机,28,台,51812,千克,4463231
84798962,自动贴片机,1185,台,2408990,千克,146505271
84798969,其他在印刷电路电路板...,16,台,3556,千克,1067239
84798992,自动化立体仓储设备,39,台,238528,千克,7581830
84798999,未列名具有独立功能的...,6825443,台,9244786,千克,547501400
84799010,船舶用舵机及陀螺稳定...,49637,千克,0,—,826841
84799020,空气增湿器及减湿器用...,81387,千克,0,—,1821662
84799090,品目8479所列其他...,1808188,千克,0,—,115435484
84801000,金属铸造用型箱,13233,千克,0,—,173203
84802000,型模底板,33186,千克,0,—,221215
84803000,阳模,332,千克,0,—,42045
84804110,金属、硬质合金用压铸...,113101,千克,0,—,3151330
84804120,粉末冶金用压模,262,千克,0,—,37626
84804190,其他金属、硬质合金用...,41253,千克,0,—,2072845
84804900,金属、硬质合金用其他...,2744,千克,0,—,393500
84805000,玻璃用型模,7117,套,16310,千克,1469164
84806000,矿物材料用型模,1192,套,10862,千克,2243384
84807110,硫化轮胎用囊式型模,274013,套,95195,千克,2406261
84807190,其他塑料或橡胶用注模...,1879463,套,765538,千克,37633945
84807900,塑料或橡胶用其他型模,2242406,套,92053,千克,4978658
84811000,减压阀,1932636,套,516148,千克,38923609
84812010,油压传动阀,14943348,套,2882557,千克,93069705
84812020,气压传动阀,3700209,套,613198,千克,66447794
84813000,止回阀,36508765,套,933000,千克,44209095
84814000,安全阀或溢流阀,4198465,套,592855,千克,31582688
84818021,电磁式换向阀,3833066,套,1005273,千克,77815309
84818029,其他换向阀,3608574,套,174129,千克,11349520
84818031,电子膨胀阀,410629,套,51329,千克,4101581
84818039,其他流量阀,5383870,套,1486832,千克,110292333
84818040,其他阀门,20508118,套,4409664,千克,232148755
84818090,龙头、旋塞及类似装置,958283,套,569769,千克,21326863
84819010,阀门零件,2679533,千克,0,—,92287148
84819090,龙头、旋塞及类似装置...,328304,千克,0,—,13840397
84821010,调心球滚珠轴承,2329135,套,96760,千克,2550322
84821020,深沟球滚珠轴承,163748489,套,3222108,千克,79307048
84821030,角接触滚珠轴承,5151659,套,1185120,千克,33040524
84821040,推力球滚珠轴承,614304,套,294203,千克,5406443
84821090,其他滚珠轴承,14290925,套,1117648,千克,35305956
84822000,锥形滚子轴承，包括锥...,2391627,套,3311034,千克,51591498
84823000,鼓形滚子轴承,204301,套,1270387,千克,17650109
84824000,滚针轴承，包括保持架...,16249589,套,251754,千克,10035908
84825000,其他圆柱形滚子轴承，...,12862237,套,2890804,千克,69961378
84828000,其他滚动轴承，包括球...,19789789,套,84826,千克,7946089
84829100,滚珠、滚针及滚柱,910291,千克,0,—,11608434
84829900,滚动轴承的其他零件,4131234,千克,0,—,51985213
84831011,船舶用柴油机曲轴,66,个,378743,千克,2752222
84831019,其他船舶用传动轴,14757,个,55999,千克,1405095
84831090,其他传动轴及曲柄,24380151,个,2829005,千克,86590465
84832000,装有滚珠或滚子轴承的...,235427,个,296800,千克,4985330
84833000,未装有滚珠或滚子轴承...,131449100,个,1047029,千克,36110313
84834010,滚子螺杆传动装置,308306,个,377856,千克,14040579
84834020,行星齿轮减速器,59327,个,1182629,千克,21196110
84834090,齿轮及其他变速、传动...,11596173,个,5471359,千克,119809080
84835000,飞轮及滑轮，包括滑轮...,7184083,个,897639,千克,12957979
84836000,离合器及联轴器（包括...,1291275,个,522451,千克,19699258
84839000,单独报验的带齿的轮等...,10543622,千克,0,—,149791990
84841000,密封垫等，金属片与其...,441603,千克,0,—,39750412
84842000,机械密封件,210034,千克,0,—,19860084
84849000,已包装成套或不同材料...,75609,千克,0,—,10206837
84851000,用金属材料的增材制造...,3,台,1205,千克,182557
84852000,用塑料或橡胶材料的增...,132,台,24694,千克,3079072
84858090,其他增材制造设备,7,台,2042,千克,929689
84859010,用金属材料的增材制造...,188,千克,0,—,14437
84859030,用橡胶或塑料材料的增...,22889,千克,0,—,2340255
84859040,用石膏、水泥、陶瓷材...,1,千克,0,—,326
84859090,其他增材制造设备的零...,111,千克,0,—,52388
84861010,利用温度变化处理单晶...,20,台,354422,千克,17206377
84861020,制造单晶柱或晶圆用的...,42,台,234363,千克,30961285
84861030,制造单晶柱或晶圆用的...,119,台,437360,千克,27024612
84861040,制造单晶柱或晶圆用的...,35,台,290308,千克,29805187
84861090,其他制造单晶柱或晶圆...,54,台,187688,千克,27211065
84862010,制半导体器件或IC的...,164,台,680943,千克,166052913
84862021,制造半导体器件或IC...,136,台,674788,千克,272664934
84862022,制造半导体器件或IC...,68,台,413007,千克,129468009
84862029,其他制半导体件或集成...,6,台,20816,千克,5890723
84862031,制半导体器件或集成电...,44,台,338353,千克,104513220
84862039,其他投影绘制电路图的...,98,台,537764,千克,181774037
84862041,制造半导体器件或IC...,141,台,748053,千克,399010757
84862049,制造半导体器件或IC...,72,台,266187,千克,61848480
84862050,制造半导体器件或集成...,33,台,655125,千克,98120169
84862090,其他制半导体器件或集...,514,台,1068550,千克,228282759
84863010,制造平板显示器的扩散...,52,台,2322382,千克,64678540
84863021,制造平板显示器用的化...,10,台,903178,千克,99877398
84863022,制造平板显示器用的物...,17,台,1836404,千克,110560092
84863039,其他投影绘制电路图的...,28,台,1986796,千克,138961647
84863041,制造平板显示器用的超...,86,台,50214,千克,2970535
84863049,制平板显示器用的其他...,194,台,842722,千克,37220379
84863090,其他制造平板显示器用...,291,台,4509540,千克,174273492
84864010,制作和修复掩膜版（m...,5,台,45995,千克,10002397
84864021,装配与封装半导体器件...,37,台,247573,千克,18609966
84864022,装配与封装半导体件或...,1180,台,748221,千克,86199335
84864029,章注释11（3）规定...,447,台,664139,千克,117906207
84864031,集成电路工厂专用的自...,511,台,137147,千克,31500670
84864039,其他升降、装卸、搬运...,2826,台,5784305,千克,294023807
84869010,本章注释11（3）规...,70999,千克,0,—,8446422
84869020,引线键合装置用零件及...,3676,千克,0,—,4899112
84869091,带背板的溅射靶材组件,155504,千克,0,—,23966383
84869099,品目8486所列设备...,1259197,千克,0,—,463499209
84871000,船用推进器及桨叶,1090046,千克,0,—,14019244
84879000,未列名的机器零件，不...,827116,千克,0,—,33534356
85011010,玩具电动机，输出功率...,1644177,台,4381,千克,558864
85011091,微电机，输出功率≤3...,21053117,台,992270,千克,34465081
85011099,其他电动机，输出功率...,29317801,台,2592460,千克,87929284
85012000,交直流两用电动机，输...,6390,台,8871,千克,503352
85013100,直流电动机及直流发电...,3270700,台,2512965,千克,91843548
85013200,直流电动机及直流发电...,23769,台,126901,千克,4082932
85013300,直流电动机及直流发电...,10234,台,346107,千克,8842777
85013400,直流电动机及直流发电...,15,台,46,千克,31
85014000,其他单相交流电动机,752863,台,257890,千克,6771860
85015100,多相交流电动机，输出...,133743,台,554564,千克,23853196
85015200,多相交流电动机，75...,74441,台,2219147,千克,54086796
85015300,多相交流电动机，输出...,10157,台,2661641,千克,56293897
85016100,交流发电机，输出功率...,2211,台,75801,千克,2205917
85016200,交流发电机，75kV...,8,台,6704,千克,453803
85016300,交流发电机，375k...,4,台,13789,千克,412426
85016410,交流发电机，750k...,46,台,446772,千克,6007190
85017100,输出功率≤50W的光...,12,台,1,千克,588
85021100,压燃式内燃机发电机组...,249,台,96895,千克,2014760
85021200,压燃式内燃机发电机组...,21,台,43145,千克,809798
85021310,压燃式内燃机发电机组...,48,台,767697,千克,10190645
85021320,压燃式内燃机发电机组...,10,台,693401,千克,8033084
85022000,装有点燃式活塞内燃发...,743,台,558236,千克,10603946
85023100,风力发电机组,12,台,133,千克,25861
85023900,未列名发电机组,3045,台,790321,千克,39698642
85030010,玩具电动机和微电机的...,50592,千克,0,—,3651252
85030020,输出功率＞350MV...,14371,千克,0,—,350939
85030030,子目号850231所...,91260,千克,0,—,1201279
85030090,其他专用于或主要用于...,5339986,千克,0,—,80774827
85041010,放电灯或放电管用电子...,36241,个,11258,千克,824927
85041090,其他放电灯或放电管用...,5499,个,2213,千克,132633
85042100,液体介质变压器，额定...,45,个,4491,千克,165100
85042200,液体介质变压器，65...,509,个,55926,千克,451914
85043110,额定容量≤1kVA的...,624262,个,59035,千克,3226052
85043190,未列名额定容量≤1k...,94852524,个,927324,千克,43814825
85043210,1kVA＜额定容量≤...,5924,个,1197,千克,88180
85043290,1kVA＜额定容量≤...,2081605,个,253358,千克,7125515
85043310,额定容量超过16千伏...,116,个,495,千克,30802
85043390,未列名额定容量超过1...,6162,个,87809,千克,2488934
85043410,额定容量超过500千...,3,个,1,千克,475
85043490,未列名额定容量超过5...,46,个,271862,千克,3183826
85044013,品目8471所列机器...,1183650,个,529050,千克,35162748
85044014,其他功率＜1kW直流...,9186577,个,1357928,千克,100597759
85044015,其他功率＜10kW交...,120945,个,76401,千克,10898688
85044019,其他稳压电源,187873,个,441249,千克,46440025
85044020,不间断供电电源,25243,台,266734,千克,7026643
85044030,逆变器,236774,个,303244,千克,21985139
85044091,具有变流功能的半导体...,134413295,个,985528,千克,218530553
85044099,未列名静止式变流器,20925931,个,2573722,千克,216323331
85045000,其他电感器,15165063528,个,2261952,千克,275827998
85049011,额定容量≥400MV...,48474,千克,0,—,1395304
85049019,其他变压器的零件,322473,千克,0,—,7902560
85049020,稳压电源及不间断供电...,263908,千克,0,—,26060778
85049090,品目8504所列其他...,1250530,千克,0,—,64214536
85051110,稀土的永磁铁及磁化后...,200653,千克,0,—,15768137
85051190,其他金属永磁铁及磁化...,138954,千克,0,—,6078702
85051900,其他永磁铁及磁化后准...,1010450,千克,0,—,9179076
85052000,电磁联轴节、离合器及...,382592,千克,0,—,9990059
85059010,电磁起重吸盘,148,个,21217,千克,374887
85059090,电磁铁；电磁或永磁工...,34445710,个,1120091,千克,32005290
85061011,扣式碱性锌锰原电池（...,5149289,个,9885,千克,627477
85061012,圆柱型碱性锌锰原电池...,21355399,个,339723,千克,2413789
85061019,其他碱性锌锰原电池（...,1485521,个,43110,千克,380663
85061090,其他二氧化锰原电池（...,21792641,个,235218,千克,1193690
85064000,氧化银原电池（组）,15776983,个,12757,千克,2460122
85065000,锂的原电池及原电池组,78544063,个,371446,千克,22227220
85066000,锌空气的原电池及原电...,6312263,个,10627,千克,705572
85068000,其他原电池及原电池组,47648,个,304,千克,182545
85069010,编码85061000...,290,千克,0,—,2293
85069090,其他原电池及原电池组...,5644,千克,0,—,361835
85071000,用于起动活塞式发动机...,47754,个,469900,千克,2752823
85072000,其他铅酸蓄电池,228537,个,1195670,千克,5696465
85073000,镍镉蓄电池,26682,个,72805,千克,2701897
85075000,镍氢蓄电池,2230866,个,604402,千克,19001295
85076000,锂离子蓄电池,75612136,个,4386067,千克,229742373
85078090,未列名蓄电池,92949,个,8282,千克,401361
85079010,铅酸蓄电池的零件,263045,千克,0,—,889779
85079090,其他蓄电池的零件,1615131,千克,0,—,47487152
85081100,电动真空吸尘器功率≤...,145075,台,245487,千克,13860592
85081900,其他电动真空吸尘器,2404,台,59828,千克,1195604
85086000,非电动真空吸尘器,120,台,1090,千克,76476
85087010,编码85081100...,152584,千克,0,—,6780951
85087090,其他真空吸尘器用零件,45823,千克,0,—,741205
85094010,水果或蔬菜的榨汁器,7205,台,47130,千克,1023790
85094090,食品研磨机及搅拌器,23663,台,62159,千克,1225441
85098010,地板打蜡机,64,台,85,千克,5633
85098020,厨房废物处理器,1278,台,13791,千克,298755
85098090,其他家用电动器具,167674,台,196824,千克,6105504
85099000,家用电动器具的零件,167469,千克,0,—,8330674
85101000,电动剃须刀,241990,个,68403,千克,9431993
85102000,电动毛发推剪,63687,个,17260,千克,1030824
85103000,电动脱毛器,16699,个,6342,千克,245290
85109000,电动剃须刀及电动毛发...,25509,千克,0,—,6115023
85111000,火花塞,10636671,个,444011,千克,33430082
85112010,机车航空器船舶磁电机...,110,个,88,千克,48567
85112090,其他点火磁电机、永磁...,55471,个,44793,千克,209564
85113010,机车、航空器及船舶用...,2717,个,685,千克,90565
85113090,其他分电器、点火线圈,627197,个,128355,千克,4741203
85114010,机车航空器船舶用起动...,180,个,12990,千克,2336892
85114091,输出功率≥132.3...,11634,个,66324,千克,1483596
85114099,其他起动电机及两用起...,147537,个,675638,千克,4875087
85115010,其他机车、航空器及船...,134,个,1597,千克,1218388
85115090,未列名发电机,84032,个,551951,千克,11293885
85118000,内燃机用其他电点火及...,179620,个,20707,千克,1458673
85119010,品目8511供机车、...,2066,千克,0,—,719014
85119090,品目8511所列其他...,1023175,千克,0,—,17272566
85121000,自行车电气照明或视觉...,90375,个,3495,千克,335524
85122010,机动车辆用电气照明装...,3546437,个,1340741,千克,105964015
85122090,机动车辆用视觉信号装...,1453316,个,610026,千克,62301032
85123011,机动车辆用喇叭、蜂鸣...,1720914,个,189011,千克,5261061
85123012,机动车辆用防盗报警器,53074,个,9289,千克,795390
85123019,机动车辆用其他电气音...,96521,个,21993,千克,6012515
85123090,自行车用电气音响信号...,8011,个,345,千克,22998
85124000,车辆风挡刮水器、除霜...,100623,个,145427,千克,2833478
85129000,品目8512所列装置...,768368,千克,0,—,40413171
85131010,手电筒,3462,个,875,千克,62337
85131090,其他自供能源的手提式...,18021,个,3186,千克,486887
85139010,手电筒零件,1018,千克,0,—,70170
85139090,其他自供能源手提式电...,421,千克,0,—,131142
85141100,热等静压机,3,台,55617,千克,3579652
85141910,可控气氛热处理炉,84,台,786258,千克,16453631
85141990,其他工业或实验室用电...,1779,台,865581,千克,39928798
85142000,工业或实验用感应或介...,119,台,107266,千克,6135545
85143200,等离子及真空电弧炉,1,台,380,千克,310000
85143900,其他工业或实验室用炉...,85,台,53999,千克,3885491
85144000,其他工业或实验用感应...,7802,台,42080,千克,4693088
85149010,炼钢电炉的零件,4622,千克,0,—,134049
85149090,品目8514所列其他...,61943,千克,0,—,11506362
85151100,钎焊烙铁及焊枪,23852,个,11907,千克,560472
85151900,其他钎焊机器及装置,287,台,64091,千克,6142730
85152120,电阻焊接机器人,1,台,3295,千克,387951
85152191,全自动或半自动电阻直...,2,台,128,千克,264
85152199,未列名全自动或半自动...,189,台,65520,千克,5214782
85152900,其他电阻焊接机器及装...,76,台,7055,千克,440723
85153120,用于金属加工的电弧(...,1,台,88,千克,101215
85153191,全自动或半自动用于金...,1,台,19,千克,3780
85153199,未列名全自动或半自动...,378,台,55324,千克,8217349
85153900,其他用于金属加工的电...,502,台,49513,千克,3502860
85158010,激光焊接机器人,2,台,42825,千克,3451593
85158090,未列名焊接机器及装置...,1179,台,214859,千克,25218405
85159000,品目8515所列机器...,58606,千克,0,—,11786542
85161010,电热的储存式热水器,110,个,2070,千克,365465
85161020,电热的快速热水器,3806,个,31150,千克,2197241
85161090,其他电热水器,1638,个,12357,千克,415925
85162100,电气储存式散热器,14,个,187,千克,4566
85162920,辐射式电气空间加热器,137,个,29,千克,15516
85162931,风扇式电气空间加热器,1787,个,1258,千克,152513
85162932,充液式电气空间加热器,121,个,240,千克,34366
85162939,其他对流式电气空间加...,10259,个,34238,千克,1616421
85162990,未列名电气空间加热器,65601,个,137089,千克,2922483
85163100,电吹风机,85323,个,163696,千克,22536589
85163200,其他电热理发器具,79036,个,123203,千克,13099712
85164000,电熨斗,2617,个,5940,千克,147826
85165000,微波炉,12900,个,217077,千克,2617405
85166010,电磁炉,4114,个,15198,千克,551466
85166030,电饭锅,32456,个,179972,千克,4418059
85166040,电炒锅,10,个,923,千克,20813
85166050,电烤箱,7694,个,284896,千克,3677830
85166090,其他电炉；电锅、电热...,7489,个,167134,千克,3678772
85167110,滴液式咖啡机,4100,个,13970,千克,248859
85167120,蒸馏渗滤式咖啡机,150,个,412,千克,13268
85167130,泵压式咖啡机,98144,个,462687,千克,13711764
85167190,其他电咖啡机或茶壶,2624,个,7272,千克,264405
85167210,家用自动面包机,52,个,213,千克,7198
85167220,片式烤面包机（多士炉...,5179,个,9171,千克,207023
85167290,其他电热烤面包器,12,个,70,千克,5361
85167910,电热饮水机,730,台,12519,千克,370038
85167990,未列名电热器具,23459,个,76571,千克,2620605
85168000,加热电阻器,6911091,个,494283,千克,48981264
85169010,土壤加热器及加热电阻...,33682,千克,0,—,1213126
85169090,品目8516所列其他...,359713,千克,0,—,9751862
85171100,无绳电话机,6090,台,1791,千克,284902
85171300,智能手机,237914,台,62234,千克,146421416
85171410,手持（包括车载）式无...,543528,台,88488,千克,37129665
85171420,对讲机,33749,台,22068,千克,4209344
85171490,未列名用于蜂窝网络或...,22,台,484,千克,32612
85171800,其他电话机,4256,台,6600,千克,653401
85176110,移动通信基站,733,台,7879,千克,873432
85176190,其他基站,52,台,521,千克,200887
85176211,局用电话交换机；长途...,442,台,4934,千克,317381
85176219,其他电话交换机,164,台,1453,千克,190874
85176221,光端机及脉冲编号调制...,222,台,197,千克,94797
85176222,波分复用光传输设备,70028,台,3605,千克,2612134
85176229,其他光通讯设备,106108,台,63530,千克,45141850
85176231,通信网络时钟同步设备,87,台,358,千克,502519
85176232,以太网络交换机,142951,台,409415,千克,80825347
85176233,IP电话信号转换设备,9436,台,14764,千克,3982894
85176234,调制解调器,30665,台,1110,千克,1260861
85176235,集线器,65160,台,12747,千克,2549768
85176236,路由器,213353,台,154507,千克,16324621
85176237,有线网络接口卡,574423,台,74729,千克,119117815
85176239,未列名有线数字通讯设...,392567,台,113487,千克,63263565
85176292,无线网络接口卡,4059307,台,21051,千克,27787635
85176293,无限接入固定台,1245,台,2266,千克,525253
85176294,无线耳机、无线耳塞,2599642,个,311644,千克,192861332
85176299,其他接收、转换并且发...,60233565,台,1816278,千克,545423529
85176910,其他发送接收声音/图...,288006,台,72330,千克,21610512
85176990,其他发送接收声音/图...,34270,台,14243,千克,2258857
85177100,各种天线和天线反射器...,132816,千克,0,—,96146258
85177910,数字式程控电话或电报...,9060,千克,0,—,950306
85177920,光端机及脉冲编码调制...,879,千克,0,—,1035082
85177930,手持式无线电话机用零...,437873,千克,0,—,636656937
85177940,对讲机用零件（天线除...,2337,千克,0,—,714061
85177950,光通信设备的激光收发...,19547,千克,0,—,76192307
85177990,品目85.17所列设...,1405502,千克,0,—,338198464
85181000,传声器（麦克风）及其...,143205411,个,65379,千克,48839299
85182100,单喇叭音箱,600509,个,368844,千克,9616132
85182200,多喇叭音箱,134280,个,616707,千克,24179700
85182900,其他扬声器,34899577,个,882346,千克,38247965
85183000,耳机、耳塞（无线耳机...,10653435,个,153176,千克,41308666
85184000,音频扩大器,148541,台,216669,千克,24003533
85185000,电气扩音机组,2167,套,10957,千克,807202
85189000,品目8518所列货品...,1003062,千克,0,—,133232174
85193000,转盘（唱机唱盘）,7026,台,38240,千克,1655606
85198111,未装声音录制装置的盒...,9,台,12,千克,452
85198112,装有声音重放装置的盒...,945,台,4777,千克,138717
85198121,激光唱机，未装有声音...,2624,台,17045,千克,835108
85198129,其他使用光学媒体的声...,81,台,341,千克,23939
85198131,有声音重放装置的闪速...,351,台,242,千克,45331
85198139,其他使用半导体媒体的...,491,台,862,千克,227383
85198910,不带录制装置的其他唱...,516,台,2238,千克,98141
85198990,其他声音录制或重放设...,3190,台,24698,千克,1184621
85219011,视频高密光盘（VCD...,22,台,42,千克,3440
85219012,数字化视频光盘（DV...,1194,台,1755,千克,346638
85219019,其他激光视盘机,3044,台,2655,千克,257681
85219090,未列名视频信号录制或...,6062,台,7499,千克,1637338
85221000,拾音头,36116,个,193,千克,214029
85229010,转盘或唱机的零件、附...,45542,千克,0,—,1272775
85229022,磁头,75370,个,74,千克,51557
85229023,磁头零件,1,千克,0,—,864
85229029,盒式磁带录音机或放声...,7,千克,0,—,22872
85229031,激光视盘机的机芯,27262,千克,0,—,1709207
85229039,其他视频信号录制或重...,11597,千克,0,—,2819547
85229091,车载音频转播器或发射...,1972,台,865,千克,13935
85229099,品目8519或852...,21550,千克,0,—,1828697
85232110,未录制磁条卡,251889,个,335,千克,221363
85232120,已录制磁条卡,71696,个,51,千克,27128
85232911,未录制磁盘,19558724,个,300003,千克,30544358
85232919,已录制磁盘,3835,个,163,千克,2210674
85232921,未录制的宽度≤4mm...,108077,盘,622,千克,18050
85232922,未录制4mm＜宽度≤...,2107,盘,57,千克,5949
85232923,未录制的宽度＞6.5...,45190,盘,21166,千克,1686844
85232990,其他磁性媒体,9,盘,0,千克,98200
85234100,未录制光学媒体,19393373,张,330264,千克,2690845
85234910,已录制仅用于重放声音...,40832,张,4276,千克,257987
85234920,已录制用于重放声音、...,1294575,张,11104,千克,255699100
85234990,已录制其他光学媒体,46788,张,2404,千克,186411
85235110,未录制固态非易失性存...,33136838,个,103258,千克,131550269
85235120,已录制固态非易失性存...,422631,个,4554,千克,40602527
85235210,未录制“智能卡”,203475554,个,67491,千克,16450546
85235290,已录制“智能卡”,779795785,个,57361,千克,14648744
85235910,未录制半导体媒体,25451026,个,7906,千克,1706788
85235920,已录制半导体媒体,587796,个,2820,千克,108309
85238011,已录制唱片,7394,张,3222,千克,128362
85238019,未录制唱片,10607,张,493,千克,11318
85238021,其他8471用录制信...,1,张,0,千克,27
85238029,其他8471用录制信...,17,张,1,千克,13656
85238091,未列名录制声音或其他...,20000,张,10,千克,465
85241100,"液晶平板显示模组,不...",120287927,个,7744722,千克,642326916
85241200,有机发光二极管（OL...,16502122,个,424104,千克,199623970
85241910,电视机用等离子显像组...,2,个,4,千克,2081
85241921,电视机用发光二极管平...,3481,个,66975,千克,1713748
85241929,其他发光二极管平板显...,163832,个,966,千克,230611
85241990,其他平板显示模组，不...,443553,个,16312,千克,9616554
85249110,其他专用于或主要用于...,5855845,个,189173,千克,40834536
85249120,其他专用于或主要用于...,1353121,个,49666,千克,14272274
85249130,其他专用于或主要用于...,321714,个,74432,千克,14320805
85249140,其他专用于或主要用于...,634607,个,316059,千克,71324835
85249190,未列名液晶平板显示模...,10043063,个,4371284,千克,323929296
85249210,其他专用于或主要用于...,26868399,个,750274,千克,2141564853
85249220,其他专用于或主要用于...,158503,个,382,千克,3610156
85249230,其他专用于或主要用于...,1000,个,2,千克,3000
85249240,其他专用于或主要用于...,37,个,15,千克,19554
85249250,电视接收机用其他有机...,221459,个,1110169,千克,117489841
85249260,其他专用于或主要用于...,15261,个,19346,千克,7290493
85249290,未列名有机发光二极管...,493529,个,9595,千克,9073478
85249921,电视机用其他发光二极...,14,个,117,千克,20157
85249929,未列名发光二极管平板...,52823,个,330,千克,132352
85249990,未列名平板显示模组,184131,个,12937,千克,11088339
85255000,无线电广播、电视发送...,1,台,4515,千克,75000
85256010,卫星地面站设备,3,台,214,千克,37000
85256090,其他装有接收装置的发...,10399,台,8260,千克,2160812
85258110,高速电视摄像机,36,台,95,千克,852138
85258120,高速数字照相机,348,台,152,千克,352948
85258130,高速视频摄录一体机,235,台,493,千克,1417063
85258210,抗辐射或耐辐射电视摄...,5,台,113,千克,154865
85258220,抗辐射或耐辐射数字照...,4,台,8,千克,56426
85258230,抗辐射或耐辐射视频摄...,3,台,9,千克,80466
85258310,夜视电视摄像机,54,台,337,千克,456414
85258320,夜视数字照相机,72,台,70,千克,56522
85258330,夜视视频摄录一体机,41,台,315,千克,118463
85258911,其他特种用途的电视摄...,3995,台,1976,千克,8384248
85258912,非特种用途的广播级电...,79,台,336,千克,451769
85258919,非特种用途的其他类型...,3418281,台,316097,千克,81344928
85258921,其他特种用途的数字照...,47945,台,1099,千克,2812741
85258922,非特种用途的单镜头反...,17994,台,25519,千克,14630618
85258923,非特种用途的其他可换...,44072,台,57364,千克,57371295
85258929,非特种用途的其他类型...,37305,台,15761,千克,18519261
85258931,其他特种用途的视频摄...,196,台,1425,千克,3311503
85258932,非特种用途的广播级视...,1425,台,2429,千克,6241145
85258933,非特种用途的家用型视...,44329,台,23980,千克,11243097
85258939,非特种用途的其他类型...,43990,台,20392,千克,12827940
85261010,导航用雷达设备,13137,台,25827,千克,4233692
85261090,其他雷达设备,351075,台,63540,千克,29023802
85269110,机动车辆用无线电导航...,306417,台,184543,千克,74589877
85269190,其他无线电导航设备,2929678,台,22296,千克,15090938
85269200,无线电遥控设备,1193414,台,52579,千克,13891182
85271300,其他不需外接电源的收...,23105,台,634,千克,325869
85271900,其他不需外接电源的无...,261,台,300,千克,6883
85272100,需外接电源的汽车用收...,11786,台,3794,千克,739266
85272900,其他需外接电源的汽车...,16946,台,7855,千克,1440642
85279100,其他收录（放）音组合...,2869,台,29551,千克,716069
85279200,其他带时钟的收音机,82,台,174,千克,8505
85279900,未列名无线电广播接收...,18850,台,86040,千克,3322440
85284910,彩色阴极射线管监视器,129,台,113,千克,3430
85284990,单色阴极射线管监视器,1,台,0,千克,2273
85285211,专用于或主要用于品目...,10644,台,41454,千克,3144606
85285212,其他可直接连接品目8...,21042,台,92380,千克,4608621
85285219,其他可直接连接品目8...,96,台,1578,千克,276416
85285291,专用于或主要用于品目...,13,台,77,千克,206636
85285292,可直接连接品目84....,10,台,50,千克,16232
85285299,可直接连接品目84....,1,台,0,千克,1831
85285910,其他彩色监视器,24681,台,83174,千克,10135655
85285990,其他单色监视器,545,台,387,千克,163849
85286220,可直接连接品目84....,7430,台,34991,千克,4327094
85286910,其他彩色投影机,628,台,7032,千克,2054913
85286990,其他单色投影机,5,台,8,千克,18581
85287110,彩色卫星电视接收机,1,台,87,千克,25105
85287180,其他彩色的在设计上不...,245,台,142,千克,31898
85287190,其他单色的在设计上不...,26,台,21,千克,1915
85287211,阴极射线显像管的彩色...,1,台,9,千克,523
85287212,阴极射线显像管的彩色...,1,台,30,千克,622
85287221,液晶显示器彩色模拟电...,12,台,228,千克,10458
85287222,液晶显示器彩色数字电...,33769,台,1017916,千克,20204721
85287229,其他液晶显示器彩色电...,12,台,27,千克,42374
85287292,其他彩色数字电视接收...,31,台,1581,千克,116810
85291010,雷达及无线电导航设备...,50485,千克,0,—,6818807
85291020,收音机、电视机等的天...,30392,千克,0,—,1709088
85291090,品目8525至852...,184419,千克,9858931,个,12235058
85299010,电视发送、差转及卫星...,9408,千克,1089762,个,699115
85299020,品目85.24所列设...,327092,千克,20879575,个,100236793
85299041,特种用途电视摄像机等...,738,千克,0,—,1424358
85299042,非特种用途的取像模块,220110,千克,0,—,1755063291
85299049,其他电视摄像机等及数...,161272,千克,0,—,134934862
85299050,雷达设备及无线电导航...,204534,千克,0,—,77468871
85299060,无线电收音机及其组合...,52034,千克,0,—,6204955
85299081,彩色电视接收机零件,203312,千克,0,—,9241272
85299089,其他电视接收机零件,6925,千克,0,—,129829
85299090,品目85.25至85...,144435,千克,51405623,个,81503258
85301000,铁道或电车道电气信号...,250,个,1573,千克,868394
85308000,其他电气信号、安全或...,3114,个,1387,千克,255697
85309000,品目8530所列设备...,2781,千克,0,—,1419009
85311000,防盗或防火报警器及类...,12182,个,20680,千克,4171362
85312000,装有液晶装置或发光二...,7501430,个,89348,千克,13738258
85318010,蜂鸣器,15657821,个,25472,千克,3688376
85318090,未列名电气音响或视觉...,1656109,个,55986,千克,10014266
85319010,防盗或防火报警器及类...,396126,千克,0,—,6758087
85319090,品目8531所列其他...,28771,千克,0,—,4389934
85321000,50/60Hz电路用...,64446,千克,222,千个,2567159
85322110,片式钽电容器,77942,千克,635399,千个,71709897
85322190,其他钽电容器,2486,千克,13304,千个,1101809
85322210,片式铝电解电容器,444697,千克,505542,千个,53182813
85322290,其他铝电解电容器,2242115,千克,650044,千个,85761846
85322300,单层瓷介电容器,101521,千克,749476,千个,9357854
85322410,片式多层瓷介电容器,1183417,千克,188906584,千个,595291705
85322490,其他多层瓷介电容器,48519,千克,1053500,千个,4992584
85322510,片式纸介质或塑料介质...,20997,千克,172417,千个,1947167
85322590,其他纸介质或塑料介质...,590854,千克,167489,千个,22107637
85322900,未列名固定电容器,101289,千克,64176,千个,10936765
85323000,可变或可调（微调）电...,7921,千克,3353,千个,5590064
85329010,品目85321000...,10546,千克,0,—,99074
85329090,其他电容器的零件,81686,千克,0,—,5689978
85331000,固定碳质电阻器，合成...,31411,千克,449613,千个,3936260
85332110,额定功率≤20瓦的片...,405218,千克,51903978,千个,157699215
85332190,额定功率≤20瓦的其...,132001,千克,294662,千个,11306169
85332900,额定功率＞20瓦的其...,105390,千克,3462,千个,6424565
85333100,额定功率≤20瓦的线...,5291,千克,28644,千个,1183254
85333900,额定功率＞20瓦的线...,1033,千克,1065,千个,138136
85334000,其他可变电阻器,568432,千克,3361384,千个,80060032
85339000,电阻器（包括变阻器及...,147725,千克,0,—,6091697
85340010,四层以上的印刷电路,485643230,块,1901343,千克,501568622
85340090,四层及以下的印刷电路,2445469354,块,2477299,千克,485784363
85351000,熔断器，线路电压＞1...,125528,个,22750,千克,1357257
85352100,自动断路器，1000...,1115,个,81127,千克,6573136
85352910,自动断路器，72.5...,316,个,75,千克,5676
85352920,自动断路器，220k...,12,个,13862,千克,607759
85352990,自动断路器，线路电压...,33,个,9056,千克,673746
85353010,隔离开关及断续开关，...,3,个,1200,千克,23013
85353090,用于电压超过1000...,64504,个,29573,千克,1383033
85354000,避雷器、电压限幅器及...,2580000,个,23922,千克,1458234
85359000,其他开关、保护或连接...,189920,千克,0,—,10573236
85361000,熔断器，线路电压≤1...,553222165,个,528923,千克,42179635
85362000,自动断路器，线路电压...,2286978,个,363346,千克,19506338
85363000,其他电路保护装置，线...,154046961,个,169757,千克,70574045
85364110,继电器，V≤36V,148801859,个,832079,千克,70168596
85364190,继电器，36V≤V≤...,1359755,个,42592,千克,2220245
85364900,继电器，60V＜线路...,13668777,个,407052,千克,27010577
85365000,开关，线路电压≤10...,831476677,个,1040268,千克,153340164
85366100,灯座，线路电压≤10...,1681977,个,21659,千克,853322
85366900,插头及插座，线路电压...,358290838,个,789886,千克,70590837
85367000,光导纤维、光导纤维束...,37105,千克,0,—,10328495
85369011,工作电压不超过36伏...,5136162,千克,0,—,565545206
85369019,工作电压超过36伏，...,1536159,千克,0,—,126075955
85369090,未列名用于电压不超过...,1447488,千克,0,—,121861065
85371011,用于电压≤1000V...,389512,个,250882,千克,75575460
85371019,用于电压≤1000V...,1017342,个,160805,千克,50557145
85371090,其他电气控制或电力分...,9309099,个,3346061,千克,422712174
85372010,全封闭组合式高压开关...,6,台,1092,千克,185145
85372090,其他电气控制或分配盘...,260889,千克,0,—,23186122
85381010,品目85372010...,25,千克,0,—,1926
85381090,品目8537所列其他...,82763,千克,0,—,7922819
85389000,品目8535、853...,6245238,千克,0,—,345440169
85391000,封闭式聚光灯,18247,只,663,千克,76002
85392110,科研、医疗专用卤钨灯,52702,只,793,千克,494224
85392120,火车、航空器及船舶用...,7288,只,912,千克,251748
85392130,机动车辆用卤钨灯,1761056,只,33719,千克,1984798
85392190,其他卤钨灯,491286,只,7495,千克,2750347
85392210,其他科研医疗专用白炽...,62,只,5,千克,4942
85392290,未列名白炽灯泡，功率...,3166,只,97,千克,9860
85392910,科研、医疗专用未列名...,11193,只,82,千克,109577
85392920,火车、航空器及船舶用...,82348,只,924,千克,135139
85392930,机动车辆用未列名白炽...,9526374,只,40184,千克,1624622
85392991,≤12V的未列名白炽...,143958,只,175,千克,33589
85392999,未列名白炽灯泡,276528,只,1864,千克,88510
85393110,科研、医疗专用热阴极...,47,只,49,千克,40442
85393120,火车、航空器及船舶用...,2802,只,295,千克,21588
85393191,紧凑型热阴极荧光灯,587,只,153,千克,19227
85393199,其他热阴极荧光灯,140277,只,13561,千克,252819
85393230,钠蒸气灯,90277,只,18653,千克,337262
85393240,汞蒸气灯,28307,只,6733,千克,5259819
85393290,其他金属卤化物灯,22688,只,6615,千克,1137315
85393910,其他科研、医疗专用放...,4619,只,789,千克,748198
85393920,其他火车、航空器及船...,1486,只,254,千克,140778
85393990,未列名放电灯管,1274833,只,10128,千克,4041591
85394100,弧光灯,79264,只,8629,千克,3101346
85394900,紫外线灯管或红外线灯...,716575,只,59248,千克,14224779
85395100,发光二极管（LED）...,573295,个,6629,千克,2026450
85395210,发光二极管（LED）...,1234096,只,11862,千克,2347909
85395220,发光二极管（LED）...,20531,只,5374,千克,504331
85399010,发光二极管（LED）...,48,千克,0,—,45584
85399090,品目85.39所列其...,51120,千克,0,—,3390404
85402010,电视摄像管,2,只,0,千克,2508
85402090,变像管及图像增强管；...,698,只,659,千克,581903
85404020,单色数据/图形显示管,24,只,0,千克,4060
85406090,未列名阴极射线管,3630,只,70,千克,52593
85407100,磁控管,494082,只,313117,千克,4881453
85407910,速调管,11,只,1196,千克,504841
85408100,接收管或放大管,95878,只,962,千克,471640
85408900,未列名热电子管、冷阴...,210114,只,6286,千克,5188254
85409110,电视显像管零件,27,千克,0,—,7898
85409190,其他阴极射线管零件,10,千克,0,—,70788
85409990,未列名热电子管、冷阴...,42692,千克,0,—,1826088
85411000,二极管，但光敏二极管...,13831730655,个,859389,千克,335878179
85412100,耗散功率＜1瓦的晶体...,6260709787,个,222773,千克,161275860
85412900,耗散功率≥1瓦的晶体...,3993222748,个,1699161,千克,941325558
85413000,半导体开关元件等,171763261,个,133284,千克,25992816
85414100,发光二极管(LED),14631653137,个,278413,千克,440466414
85414200,未装在组件内或组装成...,69902551,个,828161,千克,73271857
85414300,已装在组件内或组装成...,902494,个,20961613,千克,92964559
85414900,其他光敏半导体器件,1242314580,个,434424,千克,163282679
85415111,检测湿度、气压及其组...,224331,个,179,千克,198512
85415112,用于检测温度、电量、...,5078237,个,2408,千克,9513967
85415113,液体或气体的流量、液...,418386,个,2190,千克,1367292
85415119,其他传感器,14795292,个,4234,千克,5103901
85415129,其他执行器,10,个,0,千克,1433
85415130,振荡器,2452780,个,135,千克,852249
85415140,谐振器,10657252,个,789,千克,714015
85415900,其他半导体器件,2436360711,个,72429,千克,52197557
85416000,已装配的压电晶体,3030074933,个,100124,千克,252936812
85419000,品目8541所列货品...,301162,千克,0,—,285329266
85423111,具有变流功能的半导体...,38440467,个,34903,千克,123707242
85423119,其他用作处理器及控制...,256843373,个,87846,千克,2745393400
85423190,其他用作处理器及控制...,12696554156,个,2144779,千克,16281157104
85423210,用作存储器的多元件集...,60684653,个,25609,千克,269632724
85423290,其他用作存储器的集成...,3600895868,个,723482,千克,9032436704
85423310,用作放大器的多元件集...,583399322,个,37173,千克,882953381
85423390,其他用作放大器的集成...,3006828237,个,193289,千克,807935387
85423910,其他多元件集成电路,1097281650,个,244373,千克,812311890
85423990,其他集成电路,26193331733,个,1814011,千克,7842881405
85429000,集成电路的零件,732683,千克,0,—,82921513
85431000,粒子加速器,11,台,359189,千克,17607364
85432010,通用信号发生器，输出...,5668,台,31752,千克,23094534
85432090,其他信号发生器,6091,台,14434,千克,18037717
85433000,电镀、电解或电泳设备...,2231,台,618190,千克,29011253
85434000,电子烟及类似的个人电...,11134,台,2660,千克,227206
85437091,金属、矿藏探测器,7670,台,32224,千克,2595286
85437092,高、中频放大器,2424074,台,36817,千克,23936137
85437093,电篱网激发器,3,台,14,千克,7224
85437099,未列名具有独立功能的...,47599349,台,1754699,千克,466759814
85439010,粒子加速器零件,91221,千克,0,—,4337137
85439021,＜1500MHz的通...,3673,千克,0,—,1245676
85439029,其他信号发生器零件,569,千克,0,—,752169
85439030,金属、矿藏探测器零件,2074,千克,0,—,561256
85439040,高、中频放大器零件,3953,千克,0,—,892172
85439090,品目8543所列其他...,624394,千克,0,—,67609204
85441100,铜制绕组电线,1560094,千克,8198661010,米,28510010
85441900,其他绕组电线,30151,千克,50797666,米,561852
85442000,同轴电缆及其他同轴电...,649371,千克,0,—,28420158
85443020,机动车辆用点火布线组...,1562359,千克,0,—,52985786
85443090,其他车，航空器，船用...,8485,千克,0,—,4381824
85444211,有接头电缆，额定电压...,1577984,千克,52860804,米,159935439
85444219,其他有接头电导体，额...,670407,千克,0,—,60591367
85444221,有接头电缆，80V＜...,613087,千克,5276876,米,23577032
85444229,其他有接头电导体，8...,695499,千克,0,—,28070191
85444911,其他电缆，额定电压≤...,1016909,千克,41341149,米,20235577
85444919,其他电导体，额定电压...,4768747,千克,0,—,53770025
85444921,其他电缆，80V＜额...,1649230,千克,11831267,米,25356749
85444929,其他电导体，80V＜...,1261265,千克,0,—,21945799
85446012,电缆，1kV＜额定电...,197524,千克,673628,米,3217715
85446013,电缆，35kV＜额定...,14942,千克,19271,米,611357
85446014,电缆，110kV＜额...,1226,千克,917,米,169942
85446019,电缆，额定电压＞22...,717,千克,600,米,68846
85446090,未列名电导体，额定电...,93082,千克,0,—,2594414
85447000,由每根被覆光纤组成的...,867241,千克,9943106,米,10751976
85451100,炉用碳电极,447,千克,0,—,28440
85451900,其他碳电极,802713,千克,0,—,9852038
85452000,碳刷,84834,千克,0,—,6478128
85459000,其他电气设备用石墨或...,105705,千克,0,—,3832275
85461000,玻璃制的绝缘子,5,千克,0,—,1695
85462010,输变电线路绝缘瓷套管,78445,千克,0,—,2154018
85462090,其他陶瓷制的绝缘子,3635,千克,0,—,366254
85469000,其他绝缘子,189997,千克,0,—,8551982
85471000,陶瓷制绝缘零件,123351,千克,0,—,8107130
85472000,塑料制绝缘零件,1113979,千克,0,—,39732311
85479010,内衬绝缘材料的贱金属...,17562,千克,0,—,1151867
85479090,未列名的电气机器、器...,76513,千克,0,—,5816680
85480000,机器或设备的本章其他...,525779,千克,0,—,200184680
86012000,由蓄电池驱动的铁道电...,2,辆,120000,千克,344264
86029000,其他铁道机车；机车煤...,13,辆,119242,千克,3787379
86040012,钢轨在线打磨列车,5,辆,37150,千克,3066085
86063000,铁道及电车道非机动自...,3,辆,16500,千克,34004
86069900,未列名铁道及电车道非...,7,辆,23000,千克,36312
86071910,铁道及电车道机车等车...,18,根,1928,千克,35459
86071990,铁道及电车道机车或车...,3623570,千克,0,—,8646289
86072100,铁道及电车道机车等车...,423179,千克,0,—,8322554
86072900,铁道及电车道机车等车...,101091,千克,0,—,1524450
86073000,铁道等机车的钩、联结...,191002,千克,0,—,3383124
86079100,其他铁道及电车道机车...,67462,千克,0,—,2326118
86079900,其他铁道及电车道车辆...,151708,千克,0,—,2633568
86080010,轨道自动计轴设备,2931,千克,37,台,2221718
86080090,轨道固定装置和机械交...,8455,千克,0,—,297101
86090012,20英尺罐式集装箱,174,个,756851,千克,8972605
86090019,其他20英尺集装箱,4,个,24082,千克,408485
86090029,其他40英尺集装箱,57,个,232230,千克,179659
86090030,45、48、53英尺...,1,个,4700,千克,2106
87012100,仅装有压燃式活塞内燃...,107,辆,766078,千克,6577172
87013000,履带式牵引车、拖拉机,1,辆,9300,千克,292273
87019310,37千瓦＜发动机功率...,3,辆,8640,千克,93985
87019510,发动机功率＞130千...,43,辆,505761,千克,4649886
87021092,仅装有压燃式活塞内燃...,5,辆,18863,千克,432269
87021093,仅装有压燃式活塞内燃...,17,辆,43762,千克,838463
87029030,其他机动客车，10≤...,46,辆,114470,千克,1449646
87031011,全地形车,3,辆,2844,千克,55171
87031019,其他高尔夫球机动车及...,24,辆,12648,千克,284734
87032230,仅装有点燃式活塞内燃...,2839,辆,3822326,千克,69148174
87032240,仅装有点燃式活塞内燃...,386,辆,487432,千克,6327988
87032250,仅装有点燃式活塞内燃...,174,辆,197539,千克,1727281
87032341,仅装有点燃式活塞内燃...,17186,辆,28172183,千克,544917992
87032342,仅装有点燃式活塞内燃...,9379,辆,19273354,千克,456108729
87032343,仅装有点燃式活塞内燃...,7575,辆,15131429,千克,339662098
87032351,仅装有点燃式活塞内燃...,4346,辆,8494582,千克,288571181
87032352,仅装有点燃式活塞内燃...,488,辆,1118623,千克,27773029
87032353,仅装有点燃式活塞内燃...,1868,辆,3026996,千克,52911945
87032361,仅装有点燃式活塞内燃...,4645,辆,9370487,千克,382354636
87032362,仅装有点燃式活塞内燃...,9166,辆,22197719,千克,747023239
87032363,仅装有点燃式活塞内燃...,1885,辆,4102636,千克,113195479
87032411,仅装有点燃式活塞内燃...,555,辆,1095087,千克,107941610
87032412,仅装有点燃式活塞内燃...,3360,辆,8367312,千克,368351044
87032413,仅装有点燃式活塞内燃...,432,辆,970846,千克,41434349
87032421,仅装有点燃式活塞内燃...,206,辆,458352,千克,47290689
87032422,仅装有点燃式活塞内燃...,396,辆,1043229,千克,27614036
87032423,仅装有点燃式活塞内燃...,130,辆,327159,千克,21532449
87033312,仅装有压燃式活塞内燃...,164,辆,373165,千克,9544251
87033313,仅装有压燃式活塞内燃...,23,辆,58837,千克,1437207
87033322,仅装有压燃式活塞内燃...,68,辆,171482,千克,5776643
87034031,同时装有点燃式活塞内...,548,辆,860360,千克,14222376
87034041,同时装有点燃式活塞内...,4255,辆,7276050,千克,122474032
87034043,同时装有点燃式活塞内...,2413,辆,4976851,千克,143618889
87034061,同时装有点燃式活塞内...,551,辆,1214670,千克,32795547
87034063,同时装有点燃式活塞内...,505,辆,1109430,千克,20438870
87036032,同时装有点燃式活塞内...,1178,辆,3060308,千克,83590104
87036033,同时装有点燃式活塞内...,1,辆,2382,千克,76070
87036042,同时装有点燃式活塞内...,1,辆,2500,千克,37171
87036043,同时装有点燃式活塞内...,123,辆,237390,千克,4798150
87036051,同时装有点燃式活塞内...,145,辆,350590,千克,18624909
87036052,同时装有点燃式活塞内...,2,辆,5220,千克,399523
87036053,同时装有点燃式活塞内...,3,辆,7280,千克,443685
87036061,同时装有点燃式活塞内...,13,辆,22611,千克,5531766
87036072,同时装有点燃式活塞内...,7,辆,20034,千克,458712
87038000,仅装有驱动电动机的主...,1304,辆,2943968,千克,90937114
87041090,其他非公路用货运机动...,1,辆,20679,千克,186768
87042100,"仅装有柴油发动机,车...",84,辆,196781,千克,5016882
87042230,"仅装有柴油发动机,车...",84,辆,339918,千克,5784332
87042240,"仅装有柴油发动机,车...",33,辆,206056,千克,3180906
87042300,"仅装有柴油发动机,车...",224,辆,2292880,千克,25822477
87043100,仅装有点燃式活塞内燃...,1216,辆,2903295,千克,57555564
87043240,仅装有点燃式活塞内燃...,1,辆,2500,千克,58846
87045100,同时装有点燃式活塞内...,7,辆,16800,千克,402031
87046000,仅装有驱动电动机的其...,2,辆,4885,千克,148212
87053090,其他机动救火车,1,辆,22431,千克,733369
87059099,未列名特殊用途的机动...,4,辆,68251,千克,1608571
87060021,装有发动机货车底盘，...,2,台,9848,千克,168548
87060030,装有发动机的座位≥3...,5,台,25396,千克,325644
87071000,机动小客车的车身（包...,11,台,7070,千克,440085
87079010,10座≤座位＜29座...,1,台,1780,千克,21769
87079090,品目8701、870...,116,台,96489,千克,1727282
87081000,缓冲器（保险杠）及其...,1295128,千克,0,—,32947278
87082100,座椅安全带,631296,千克,0,—,15999735
87082211,电动天窗,13519,千克,1385,套,353452
87082212,手动天窗,373,千克,35,套,6248
87082290,未列名的本章子目注释...,189743,千克,20391,套,4627701
87082930,车窗玻璃升降器,70957,千克,0,—,2134105
87082951,车辆侧围,13956,千克,0,—,878643
87082952,车门,364511,千克,22555,个,9512662
87082953,发动机罩盖,226575,千克,0,—,5746499
87082954,车辆前围,18785,千克,0,—,202525
87082955,行李箱盖（或背门）,175394,千克,0,—,3327450
87082956,车辆后围,18333,千克,0,—,113388
87082957,翼子板（或叶子板）,92047,千克,0,—,4035292
87082959,其他车身覆盖件,1918323,千克,0,—,8168535
87082990,车身（包括驾驶室）的...,25712647,千克,0,—,351785887
87083010,装在蹄片上的制动摩擦...,1162318,千克,0,—,17119044
87083021,牵引车、拖拉机、非公...,1728,千克,0,—,111220
87083029,其他车辆用防抱死制动...,46279,千克,0,—,3729932
87083091,牵引车、拖拉机用其他...,262097,千克,0,—,1121569
87083092,≥30座的机动客车用...,231273,千克,0,—,2479420
87083093,非公路用自卸车用其他...,82603,千克,0,—,1387100
87083094,轻型柴油及汽油货车用...,28517,千克,0,—,354761
87083095,重型柴油货车用其他制...,157259,千克,0,—,1230639
87083096,品目87.05所列车...,5769,千克,0,—,59073
87083099,未列名机动车辆用其他...,4763028,千克,43278144,个,81885627
87084010,牵引车、拖拉机用变速...,162403,个,242407,千克,3286326
87084020,≥30座的机动客车用...,15002,个,134048,千克,3567039
87084030,非公路用自卸车用变速...,5020,个,230124,千克,9048054
87084040,轻型柴油及汽油货车用...,194016,个,387376,千克,5170732
87084050,重型柴油货车用变速箱...,366834,个,294315,千克,5407816
87084060,品目87.05所列车...,13942,个,230881,千克,6709758
87084091,品目87.03所列车...,44022244,个,35943100,千克,740425609
87084099,未列名机动车辆用变速...,10015656,个,465853,千克,8178949
87085071,牵引车、拖拉机用装有...,8399,个,281107,千克,2133901
87085072,≥30座的机动客车用...,3883,个,182825,千克,2142109
87085073,非公路用自卸车用装有...,2205,个,136426,千克,1251563
87085074,轻型柴油及汽油货车用...,33123,个,220354,千克,1508048
87085075,重型柴油货车用装有差...,8935,个,132573,千克,693529
87085076,品目8705所列车辆...,239,个,156577,千克,1788217
87085079,其他机动车辆用装有差...,4022518,个,4969603,千克,70195937
87085081,牵引车、拖拉机用非驱...,7955,千克,0,—,45020
87085082,≥30座的机动客车用...,15912,千克,0,—,99380
87085083,非公路用自卸车用非驱...,3019,千克,0,—,34677
87085085,重型柴油货车用非驱动...,32046,千克,0,—,99115
87085086,品目8705所列车辆...,37218,千克,0,—,318540
87085089,其他机动车辆用非驱动...,1167997,千克,1006700,个,6260217
87087010,品目8701所列车辆...,51294,千克,0,—,307153
87087020,≥30座的客车用车轮...,143,千克,0,—,2663
87087030,非公路自卸车用车轮及...,170564,千克,0,—,3447809
87087040,轻型柴油及汽油货车用...,18718,千克,0,—,228505
87087050,重型柴油型货车用车轮...,27826,千克,0,—,110269
87087060,品目8705所列车辆...,50735,千克,0,—,819510
87087091,铝合金制的未列名机动...,1186522,千克,0,—,10442413
87087099,非铝合金制未列名机动...,331432,千克,0,—,2881968
87088010,品目8703所列车辆...,6341633,千克,0,—,85303429
87088090,其他机动车辆的悬挂系...,149801,千克,0,—,1869068
87089110,水箱散热器,214902,个,167180,千克,3407380
87089120,机油冷却器,167616,个,142774,千克,3215569
87089190,其他散热器；散热器的...,4839161,个,563704,千克,12860041
87089200,机动车辆的消声器、排...,432796,千克,0,—,22044819
87089310,牵引车拖拉机用离合器...,175180,千克,0,—,2217569
87089320,≥30座的机动客车用...,17598,千克,0,—,133825
87089330,非公路用自卸车用离合...,1619,千克,0,—,110898
87089340,轻型柴油及汽油货车用...,21075,千克,0,—,550257
87089350,重型柴油货车用离合器...,61868,千克,0,—,774144
87089360,品目8705所列车辆...,918,千克,0,—,23024
87089390,其他机动车辆用离合器...,3070634,千克,0,—,52821734
87089410,牵引车、拖拉机用转向...,15369,千克,0,—,288105
87089420,≥30座的机动客车用...,2926,千克,0,—,85130
87089430,非公路用自卸车用转向...,1923,千克,0,—,91233
87089440,轻型柴油及汽油货车用...,724,千克,0,—,15371
87089450,重型柴油货车用转向盘...,20608,千克,0,—,240048
87089460,品目8705所列车辆...,878,千克,0,—,25592
87089490,其他机动车辆用转向盘...,6737379,千克,0,—,118418622
87089500,带充气系统的安全气囊...,2348110,千克,0,—,41106793
87089910,品目8701所列车辆...,325547,千克,0,—,3234023
87089921,≥30座的客车用车架,2516,千克,0,—,48656
87089929,≥30座的客车用未列...,19410,千克,0,—,367693
87089939,非公路自卸车用未列名...,13413,千克,0,—,291367
87089949,轻型货车用未列名零件...,26983,千克,0,—,174423
87089959,重型货车用未列名零件...,1712,千克,0,—,27323
87089960,品目8705所列车辆...,18637,千克,0,—,207443
87089991,品目8701至870...,25363,千克,702,个,448314
87089992,品目8701至870...,768113,千克,0,—,12831561
87089999,品目8701至870...,13967330,千克,0,—,250521815
87091110,电动牵引车,42,辆,87656,千克,1371098
87091190,其他电动的短距离运货...,5,辆,2391,千克,22765
87091910,其他机动牵引车,4,辆,8145,千克,42156
87091990,其他短距离运货机动车...,3,辆,33,千克,1293
87099000,短距离运货的机动车辆...,468,千克,0,—,41314
87112020,装有活塞内燃发动机，...,3,辆,299,千克,8440
87112030,装有活塞内燃发动机，...,201,辆,26140,千克,437879
87112040,装有活塞内燃发动机，...,2679,辆,355999,千克,7762106
87112050,装有活塞内燃发动机，...,36,辆,4058,千克,139098
87113010,"装有活塞内燃发动机,...",10520,辆,1825046,千克,41792014
87113020,"装有活塞内燃发动机,...",1041,辆,200218,千克,7036892
87114000,"装有活塞内燃发动机,...",1733,辆,358549,千克,13288945
87115000,"装有活塞内燃发动机,...",3153,辆,783968,千克,52467555
87116000,装有驱动电动机的摩托...,4034,辆,67474,千克,2640143
87120020,竞赛型自行车,4397,辆,54004,千克,4041181
87120030,山地自行车,18954,辆,276469,千克,3783218
87120041,16、18、20英寸...,124,辆,1730,千克,129292
87120049,其他越野自行车,1,辆,18,千克,653
87120081,16英寸及以下的未列...,2100,辆,26094,千克,1496561
87120089,未列名自行车,3097,辆,52970,千克,391297
87120090,其他非机动脚踏车,260,辆,2665,千克,20533
87131000,非机械驱动残疾人用车,563,辆,8520,千克,115861
87139000,其他残疾人用车,189,辆,4733,千克,156296
87141000,摩托车（包括机器脚踏...,609758,千克,0,—,21144819
87142000,残疾人车辆零件、附件,48839,千克,0,—,893620
87149100,品目8711至871...,163657,千克,0,—,7249071
87149210,品目8711至871...,14386,千克,0,—,731396
87149290,品目8711至871...,16852,千克,0,—,324070
87149310,品目8711至871...,29441,千克,0,—,1756053
87149320,品目8711至871...,136769,千克,0,—,3734365
87149390,品目8711至871...,21,千克,0,—,1488
87149400,品目8711至871...,273179,千克,0,—,9879867
87149500,品目8711至871...,13460,千克,31045,个,499100
87149610,品目8711至871...,21685,千克,0,—,241335
87149620,品目8711至871...,193707,千克,0,—,3715320
87149900,品目8711至871...,862326,千克,0,—,24380147
87150000,婴孩车及其零件,24434,千克,0,—,553276
87161000,供居住或野营用厢式挂...,44,辆,60680,千克,1142985
87164000,未列名挂车及半挂车,1,辆,2045,千克,45992
87168000,未列名非机械驱动车辆,7453,辆,115751,千克,1987269
87169000,挂车及半挂车或其他非...,601307,千克,0,—,3723023
88010010,滑翔机及悬挂滑翔机,7,架,84,千克,14203
88010090,汽球、飞艇及其他无动...,2,架,31,千克,4113
88021220,空载重量＞7000k...,2,架,22606,千克,24714788
88022000,飞机等航空器，空载重...,1,架,270,千克,53625
88024010,15000kg＜空载...,5,架,215090,千克,247371337
88024020,空载重量＞45000...,6,架,430824,千克,351757549
88040000,降落伞、旋翼降落伞及...,1338,千克,0,—,269369
88051000,航空器发射装置和甲板...,0,千克,0,—,2188
88052900,其他地面飞行训练器及...,63452,千克,0,—,5971329
88062110,仅使用遥控飞行的航拍...,126,架,89,千克,11774
88062210,仅使用遥控飞行的航拍...,825,架,1694,千克,301505
88062290,仅使用遥控飞行的其他...,5,架,34,千克,20987
88071000,推进器、水平旋翼及其...,2481,千克,0,—,2018764
88072000,起落架及其零件,68239,千克,0,—,24490702
88073000,飞机、直升机及无人驾...,201463,千克,0,—,113453773
88079000,航空器、航天器及其运...,2050,千克,0,—,725615
89011010,机动巡航船、游船等主...,2,艘,2800,千克,222350
89031200,未设计装有发动机的充...,1180,艘,11120,千克,53335
89031900,其他充气船，空载（净...,4,艘,886,千克,76952
89032100,长度不超过7.5米的...,39,艘,6372,千克,498893
89033100,长度不超过7.5米的...,433,艘,163512,千克,5551424
89033200,长度超过7.5米但不...,1,艘,3356,千克,229870
89039300,长度不超过7.5米的...,14,艘,7900,千克,166484
89039900,未列名娱乐或运动用船...,1,艘,4670,千克,164888
89069010,未列名机动船舶，包括...,21,艘,253500,千克,4265342
89071000,充气筏,157,艘,16228,千克,426929
89079000,未列名浮动结构体,88,个,3163,千克,193740
90011000,光纤、光纤束及光缆，...,60839,千克,0,—,24874893
90012000,偏振材料制的片及板,3919613,千克,0,—,279667778
90013000,隐形眼镜片,132074889,片,429396,千克,44880724
90014091,玻璃制太阳镜片,230498,片,2631,千克,1043635
90014099,其他玻璃制眼镜片,14871,片,942,千克,93737
90015010,其他材料制变色镜片,534491,片,24617,千克,6304515
90015091,其他材料制太阳镜片,1328869,片,28614,千克,3895874
90015099,其他材料制未列名眼镜...,5460726,片,213161,千克,25929503
90019010,彩色滤光片,22085,千克,1176062,片,2521452
90019090,未列名未装配的光学元...,1863191,千克,0,—,245547238
90021110,制版、缩微及特种照相...,2,千克,2,个,20074
90021120,缩微阅读机用物镜,351,千克,96000,个,1233600
90021131,单反相机镜头,36127,千克,3202189,个,17321127
90021139,其他照相机用物镜,56877,千克,1017036,个,50787474
90021190,其他照相机、投影仪、...,40710,千克,687036,个,13937685
90021910,摄影机或放映机用物镜,1428,千克,21425,个,494897
90021990,未列名物镜,48966,千克,91731190,个,147090510
90022010,照相机用滤光镜,1250,千克,491272,个,395829
90022090,其他滤光镜,561,千克,7493,个,2412246
90029010,照相机用其他已装配的...,321,千克,54161,个,87143
90029090,未列名已装配的光学元...,82089,千克,5122077,个,108932300
90031100,塑料制眼镜架,52848,千克,1129545,副,11145221
90031910,金属材料制眼镜架,22156,千克,531651,副,11108488
90031920,天然材料制眼镜架,223,千克,313,副,145827
90031990,未列名材料制眼镜架,229,千克,3363,副,158295
90039000,眼镜零件,18047,千克,0,—,4146448
90041000,太阳镜,91031,千克,624943,副,32535508
90049010,变色镜,1112,千克,6248,副,433442
90049090,未列名矫正视力、护目...,34264,千克,479797,副,2570277
90051000,双筒望远镜,7543,个,6076,千克,649801
90058010,天文望远镜及其他天文...,143,台,1410,千克,139991
90058090,单筒望远镜、其他光学...,540,台,523,千克,160487
90059010,天文望远镜及其他天文...,58,千克,0,—,24993
90059090,其他光学望远镜的零件...,4576,千克,0,—,328755
90063000,水下、航空测量等特种...,96,台,63,千克,1229
90064000,一次成相照相机,33140,台,20568,千克,1368835
90065310,通过镜头取景［单镜头...,15,台,18,千克,5167
90065390,其他使用胶片宽度为3...,23480,台,2792,千克,83840
90065910,激光照相排版设备,4,台,13194,千克,46326
90065949,其他使用胶片宽度小于...,21,台,23,千克,2116
90065990,未列名照相机,81,台,898,千克,46255
90066100,放电式（电子式）闪光...,31088567,个,8047,千克,83993412
90066910,闪光灯泡,59603,个,14,千克,27309
90066990,其他照相闪光灯装置,37721,个,118,千克,98041
90069110,编码9006.300...,14,千克,0,—,14243
90069120,一次成像照相机用零件...,12321,千克,0,—,1613071
90069191,其他照像机自动调焦组...,6,千克,21,套,437
90069192,其他照像机用快门组件,295,千克,55047,套,224602
90069199,其他照像机未列名零件,6622,千克,0,—,586004
90069900,照相闪光灯装置的零件...,2938,千克,0,—,443437
90072010,数字式电影放映机,7,台,6900,千克,1812757
90079100,电影摄影机的零件、附...,1090,千克,0,—,265693
90079200,电影放映机的零件、附...,5455,千克,0,—,753581
90085010,幻灯机,5,台,70,千克,1500
90085020,缩微胶卷、缩微胶片或...,20,台,372,千克,65894
90085031,正射投影仪,140,台,279,千克,21991
90085039,其他影像投影仪,3996,台,440,千克,76515
90089020,照片放大机及缩片机的...,2,千克,0,—,3880
90089090,其他影像投影仪的零件...,1358,千克,0,—,301008
90101099,其他照相胶卷或成卷感...,27,台,8700,千克,87185
90105010,负片显示器,4,台,64,千克,2177
90105022,特种照相洗印用其他装...,12,台,89742,千克,10537038
90105029,其他照相洗印用未列名...,23,台,110870,千克,12404596
90106000,银幕及其他投影屏幕,119,个,6657,千克,687973
90109010,电影洗印用装置和设备...,14,千克,0,—,1782
90109020,特种照相洗印用装置和...,837,千克,0,—,104736
90109090,其他照相洗印用装置和...,300,千克,0,—,197887
90111000,立体显微镜,832,台,29496,千克,9077713
90112000,缩微照相、电影摄影及...,1372,台,59962,千克,40014109
90118000,未列名复式光学显微镜,1143,台,32672,千克,13236751
90119000,复式光学显微镜的零件...,20674,千克,0,—,6608939
90121000,显微镜（光学显微镜除...,179,台,243663,千克,90621701
90129000,显微镜（光学显微镜除...,5573,千克,0,—,5579100
90131000,武器望远瞄准具；潜望...,3511,个,2675,千克,570787
90132000,激光器，激光二极管除...,8648799,个,303152,千克,245624751
90138010,放大镜,9868,个,1234,千克,175627
90138020,光学门眼,3601,个,162,千克,113918
90138090,其他光学仪器及器具,692187,个,15978,千克,14284324
90139010,品目90131000...,19542,千克,0,—,31953134
90139090,子目9013.80所...,12882,千克,0,—,4034636
90141000,定向罗盘,15798,个,13579,千克,1800594
90142010,自动驾驶仪,10,个,16,千克,42313
90142090,其他航空或航天导航仪...,445,个,2597,千克,5839514
90148000,其他导航仪器及装置,113429,个,26667,千克,9530143
90149010,自动驾驶仪用零件、附...,405,千克,0,—,441696
90149090,其他导航仪器及装置的...,6349,千克,0,—,4266065
90151000,测距仪,1728498,台,22417,千克,14538330
90152000,经纬仪及视距仪,14,台,220,千克,538446
90153000,水平仪,9077,台,7556,千克,988642
90154000,摄影测量用仪器及装置,399,千克,0,—,139372
90158000,其他大地及水道测量海...,11076,台,159809,千克,53192291
90159000,品目9015所列仪器...,38587,千克,0,—,19489856
90160010,感量≤0.1毫克的天...,1305,台,13138,千克,6047231
90160090,50毫克≥感量＞0....,851,台,3006,千克,1373604
90171000,绘图台及绘图机,12,台,28,千克,4139
90172000,其他绘图、划线或数学...,30653,个,7967,千克,288871
90173000,千分尺、卡尺及量规,54456,个,13701,千克,3894245
90178000,其他手用测量长度的器...,164054,个,12751,千克,1268434
90179000,品目9017所列仪器...,173249,千克,0,—,2174137
90181100,心电图记录仪,14205567,台,13917,千克,1505184
90181210,B型超声波诊断仪,17446,台,9435,千克,2486967
90181291,彩色超声波诊断仪,130245,台,127653,千克,79393883
90181299,未列名超声波扫描装置,2465,台,2870,千克,2025696
90181310,成套的核磁共振成像装...,36,套,340339,千克,63634723
90181390,核磁共振成像装置的零...,51108,个,263258,千克,27184968
90181400,闪烁摄影装置,336,台,103181,千克,20529128
90181930,病员监护仪,10466112,台,39978,千克,16001055
90181941,听力计,397,台,2292,千克,936058
90181949,其他听力诊断装置,994,台,2116,千克,1535613
90181990,未列名电气诊断装置,278320,台,34850,千克,26342118
90182000,紫外线及红外线装置,141,台,5909,千克,1526052
90183100,注射器，不论是否装有...,108582058,个,550834,千克,19565941
90183210,管状金属针头,122851,千克,0,—,10368914
90183220,缝合用针,45060,千克,0,—,29314972
90183900,其他针、导管、插管及...,205758246,个,1894979,千克,172158724
90184100,牙钻机，可与其他牙科...,23425,台,3845,千克,2130585
90184910,装有牙科设备的牙科用...,82,台,16838,千克,557159
90184990,牙科用未列名仪器及器...,9607334,台,64217,千克,15838291
90185000,眼科用其他仪器及器具,136175,千克,0,—,80824915
90189010,听诊器,11735,个,1518,千克,265385
90189020,血压测量仪器及器具,817024,个,71941,千克,4636237
90189030,内窥镜,434810,台,107731,千克,111239823
90189040,肾脏透析设备（人工肾...,15960,台,188390,千克,20340713
90189050,透热疗法设备,1615,台,2934,千克,1662213
90189060,输血设备,481964,台,8040,千克,1922571
90189070,麻醉设备,54234,台,13253,千克,1930648
90189091,宫内节育器,4368,个,8,千克,7280
90189099,其他医疗、外科或兽医...,36454943,台,797026,千克,309435935
90191010,按摩器具,622733,台,119515,千克,4861507
90191090,机械疗法器具及心理功...,3650,台,9764,千克,2822894
90192010,有创呼吸机,101379,台,32244,千克,4529463
90192020,无创呼吸机,436717,台,61397,千克,8424733
90192090,其他臭氧治疗器、氧气...,22040714,台,104589,千克,6670608
90200000,其他呼吸器具及防毒面...,132620,千克,0,—,9010254
90211000,矫形或骨折用器具,63247,千克,0,—,31681139
90212100,假牙,3181,千克,0,—,918703
90212900,牙齿固定件,31829,千克,0,—,57129305
90213100,人造关节,79625,千克,425250,套,46584163
90213900,其他人造的人体部分,43900,千克,0,—,82013503
90214000,助听器，不包括零件、...,128706,个,908,千克,4563041
90215000,心脏起搏器，不包括零...,15267,个,4095,千克,34331817
90219011,血管支架,24888,千克,167089,个,31101792
90219019,其他人体支架,13229,千克,82282,个,6194322
90219090,其他为弥补生理缺陷或...,23683,千克,0,—,45296010
90221200,X射线断层检查仪,402,台,406686,千克,92896751
90221300,其他，牙科用X射线应...,94,台,5979,千克,505832
90221400,其他，医疗、外科或兽...,217,台,548766,千克,99423673
90221910,低剂量X射线安全检查...,12,台,2073,千克,293815
90221920,X射线无损探伤检测仪,42,台,65146,千克,6470900
90221990,未列名X射线的应用设...,994,台,203629,千克,62135764
90222110,医疗、外科、牙科或兽...,2,台,476,千克,555000
90222190,医疗、外科、牙科或兽...,2,台,240,千克,34382
90222990,其他α、β、γ射线或...,133,台,29151,千克,1795422
90223000,X射线管,5974,个,159785,千克,67557023
90229010,X射线影像增强器,66,个,1049,千克,423989
90229090,X光发生器等、检查用...,181800,个,289342,千克,73638011
90230010,教习头,36,千克,0,—,12805
90230090,其他专供示范（例如，...,112342,千克,0,—,9355648
90241010,电子万能试验机,10,台,2104,千克,185820
90241020,硬度计,145,台,3482,千克,1153546
90241090,其他金属材料的试验用...,2104,台,61915,千克,8467580
90248000,其他材料的试验用机器...,19269,台,108960,千克,17259836
90249000,材料试验用机器及器具...,8449,千克,0,—,2752233
90251100,液体温度计，可直接读...,2974,个,1005,千克,236231
90251910,工业用温度计及高温计...,6946426,个,94633,千克,30777741
90251990,未列名温度计及高温计...,4099224,个,72315,千克,16001214
90258000,其他液体比重计、湿度...,18587746,个,24960,千克,24400921
90259000,9025所列货品的零...,51800,千克,29121409,个,12919500
90261000,测量、检验液体流量或...,2828385,个,319254,千克,51659368
90262010,压力/差压变送器,2216126,个,135516,千克,40425976
90262090,其他测量、检验压力的...,13933096,个,330368,千克,92797031
90268010,测量气体流量的仪器及...,880369,个,178854,千克,33200511
90268090,未列名测量或检验液体...,27713,个,36840,千克,5203917
90269000,检测液体或气体变化量...,422815,千克,0,—,61848064
90271000,气体或烟雾分析仪,1952992,台,233545,千克,66847287
90272011,气相色谱仪,1131,台,96916,千克,37982975
90272012,液相色谱仪,1802,台,181500,千克,77723064
90272019,其他色谱仪,180,台,11684,千克,9974524
90272020,电泳仪,292,台,8335,千克,7186764
90273000,使用光学射线的分光仪...,5219,台,118801,千克,74167215
90275010,基因测序仪,78,台,11099,千克,17447544
90275090,未列名使用光学射线(...,2662533,台,448433,千克,185702177
90278110,集成电路生产用氦质谱...,3,台,248,千克,84531
90278120,质谱联用仪,518,台,133316,千克,82425310
90278190,其他质谱仪,1016,台,138051,千克,72293532
90278990,品目90.27所列的...,1655986,台,408999,千克,166908518
90279000,检镜切片机；9027...,581985,千克,0,—,149666900
90281010,煤气表,943,个,6984,千克,161789
90281090,其他气量计，包括它们...,38807,个,15399,千克,847124
90282010,水表,691,个,6309,千克,187045
90282090,其他液量计，包括它们...,7608,个,2929,千克,544617
90283011,单相感应式电度表,14,个,12,千克,945
90283012,三相感应式电度表,28,个,15,千克,11147
90283013,单相电子式（静止式）...,55021,个,43263,千克,2444939
90283014,三相电子式（静止式）...,28136,个,35611,千克,3686995
90283019,其他电度表,446,个,351,千克,241020
90283090,其他电量计,846,个,168,千克,79716
90289010,工业用上述计量仪表的...,20012,千克,0,—,2082861
90289090,上述其他计量仪表的未...,31325,千克,0,—,1275674
90291010,转数计,28933,个,1518,千克,543402
90291020,车费计、里程计,959,个,487,千克,40411
90291090,产量计数器、步数计及...,16387,个,6469,千克,1322094
90292010,车辆用速度计,390565,个,46475,千克,9771501
90292090,其他速度计及转速表，...,883907,个,21553,千克,5833511
90299000,品目9029所列仪表...,28714,千克,0,—,2024227
90301000,离子射线的测量或检验...,5906,台,31941,千克,26273944
90302010,测试频率＜300MH...,1142,台,4537,千克,2151797
90302090,其他示波器,1088,台,10550,千克,18525294
90303110,量程在五位半及以下数...,2122,台,1352,千克,189188
90303190,其他万用表，无记录装...,891,台,1554,千克,537276
90303200,万用表，带记录装置,1707,台,6008,千克,2047588
90303310,量程在五位半及以下的...,1954,台,893,千克,311887
90303320,电阻测试仪，无记录装...,5018,台,7266,千克,2486679
90303390,其他检测电压等仪器及...,2674231,台,172665,千克,30568408
90303900,其他检测电压等仪器及...,7655,台,184821,千克,32108589
90304010,测试频率＜12.4可...,385,台,1174,千克,1278998
90304090,其他通信专用的仪器及...,6670,台,48840,千克,83516420
90308200,测试或检验半导体晶圆...,2558,台,131002,千克,74499049
90308410,装有记录装置的电感及...,763,台,10770,千克,2999715
90308490,其他装有记录装置用于...,27338,台,47552,千克,36875177
90308910,未装有记录装置电感及...,818,台,3915,千克,977566
90308990,未列名用于电量测量或...,1180775,台,43409,千克,21265855
90309000,品目9030所列仪器...,104839,千克,0,—,94611860
90311000,机械零件平衡试验机,174,台,49335,千克,2784300
90312000,试验台,153,台,398280,千克,20417145
90314100,制造半导体器件（包括...,1175,台,567455,千克,366838551
90314910,轮廓投影仪,355,台,11588,千克,4480749
90314920,光栅测量装置,27674,台,26062,千克,8880798
90314990,其他测量或检验用光学...,7025869,台,2203249,千克,350639994
90318010,光纤通讯及光纤性能测...,3178,台,5670,千克,6206693
90318020,坐标测量仪,282,台,159852,千克,7884089
90318031,超声波探伤检测仪,5377,台,19515,千克,9497469
90318032,磁粉探伤检测仪,38,台,161,千克,13279
90318033,涡流探伤检测仪,32,台,1390,千克,879962
90318039,其他无损探伤检测仪器...,144,台,1489,千克,662172
90318090,未列名测量或检验仪器...,62466684,台,2565515,千克,565684222
90319000,品目9031所列仪器...,359924,千克,0,—,159313643
90321000,恒温器,3832881,台,235347,千克,27168574
90322000,恒压器,68237,台,28625,千克,4293361
90328100,液压或气压自动调节或...,70393,台,125612,千克,11089212
90328911,列车自动防护系统（A...,31,台,1069,千克,1727443
90328912,列车自动运行系统（A...,21,台,276,千克,105780
90328919,其他列车自动控制系统...,4,台,347,千克,480923
90328990,其他自动调节或控制仪...,3659240,台,3532094,千克,360377599
90329000,自动调节或控制仪器及...,421772,千克,0,—,47269269
90330000,第90章机器、仪器等...,62407,千克,0,—,5327974
91011100,仅有机械指示器的电动...,1358,只,390,千克,18587197
91011990,其他电动的手表，贵金...,1,只,0,千克,345
91012100,自动上弦手表，表壳用...,6102,只,624,千克,71225130
91012900,表壳用贵金属或包贵金...,922,只,67,千克,12645563
91019100,电动的怀表等表，贵金...,2,只,0,千克,35088
91019900,其他怀表及表，贵金属...,1,只,0,千克,12601
91021100,电动仅有机械指示器的...,370629,只,45431,千克,59083104
91021200,电动仅有光电显示器的...,256690,只,39802,千克,7378818
91021900,其他电动的手表,219570,只,43237,千克,11025157
91022100,其他自动上弦的手表,186956,只,22561,千克,204122594
91022900,未列名手表,1973,只,176,千克,6042848
91029100,其他电动的怀表及表，...,932,只,138,千克,31090
91029900,未列名怀表及表，包括...,201,只,31,千克,32024
91031000,电动以表芯装成的钟,269,只,228,千克,12855
91039000,其他以表芯装成的钟,29,只,191,千克,6079
91040000,仪表板钟及车、航空器...,629,只,755,千克,131688
91051100,电动的闹钟,3229,只,913,千克,46372
91051900,其他闹钟,21,只,75,千克,246
91052100,电动的挂钟,12452,只,11074,千克,159453
91052900,其他挂钟,45,只,217,千克,25879
91059190,未列名电动的钟,1049,只,916,千克,122590
91059900,未列名钟,129,只,2118,千克,535023
91061000,考勤钟、时刻记录器,1550,只,325,千克,33996
91069000,其他测量、记录或指示...,17681,只,1444,千克,227688
91070000,装有钟、表机芯或同步...,9055,个,1496,千克,143189
91081100,已组装电动的机械指示...,12779561,只,32499,千克,14217297
91081200,已组装电动的光电显示...,105688,只,733,千克,212410
91081900,其他已组装电动的完整...,223782,只,528,千克,259972
91082000,已组装的自动上弦的完...,408898,只,5610,千克,4085188
91089010,其他已组装的完整表芯...,18189,只,109,千克,189999
91089090,未列名已组装的完整表...,6941,只,79,千克,20607
91091000,已组装完整的电动钟芯,75880,只,2418,千克,281131
91099000,其他已组装的完整钟芯,717,只,759,千克,51323
91101100,未组装或部分组装的完...,285211,只,997,千克,664238
91101200,已组装的不完整表芯,1647,千克,0,—,393931
91101900,未组装的不完整表芯,112,千克,0,—,109823
91109010,未组装或部分组装的完...,1559,千克,1208,只,103413
91109090,已组装或未组装不完整...,1097,千克,0,—,29419
91111000,贵金属或包贵金属表壳,2,只,0,千克,1384
91112000,贱金属表壳，不论是否...,1760847,只,50464,千克,5963882
91118000,其他表壳,1300250,只,7231,千克,986426
91119000,表壳零件,15830,千克,0,—,6578672
91122000,钟壳及本章所列其他货...,35321,只,372,千克,10953
91129000,钟壳和本章所列其他货...,93,千克,0,—,6526
91131000,贵金属或包贵金属制表...,23,千克,0,—,737075
91132000,贱金属表带及其零件，...,66580,千克,0,—,5607721
91139000,其他材料表带及其零件,26426,千克,0,—,11654610
91143000,钟面或表面,9901,千克,0,—,1996981
91144000,钟表夹板及横担（过桥...,1053,千克,0,—,1484470
91149010,钟表宝石轴承,6,千克,0,—,33525
91149020,钟表发条，包括游丝,52,千克,0,—,69713
91149090,未列名钟表零件,9290,千克,0,—,6719105
92011000,竖式钢琴，包括自动钢...,9168,台,2118061,千克,8336473
92012000,大钢琴，包括自动钢琴,788,台,244229,千克,7599472
92019000,拨弦古钢琴及其他键盘...,16,台,3627,千克,25917
92021000,弓弦乐器,479,只,1261,千克,200828
92029000,其他弦乐器,25314,只,66061,千克,3758308
92051000,铜管乐器,661,只,2734,千克,557183
92059020,手风琴及类似乐器,513,只,4437,千克,372675
92059030,口琴,7524,只,2750,千克,175114
92059090,其他管乐器，但游艺场...,65296,只,31385,千克,3615427
92060000,打击乐器,31111,只,75521,千克,504556
92071000,通过电产生或扩大声音...,8145,只,368094,千克,5564872
92079000,其他通过电产生或扩大...,16298,个,78346,千克,6312376
92081000,百音盒,448,个,741,千克,27181
92089000,其他乐器；各种媒诱音...,48634,个,961,千克,21942
92093000,乐器用弦,46539,千克,0,—,1214664
92099100,钢琴的零件、附件,585014,千克,0,—,3188081
92099200,品目9202所列乐器...,35880,千克,0,—,792927
92099400,品目9207所列乐器...,182715,千克,0,—,2490960
92099910,节拍器、音叉及定音管,2749,千克,0,—,115205
92099920,百音盒的机械装置,76,千克,0,—,3013
92099990,其他乐器的零件、附件,85392,千克,0,—,4196873
93039000,其他靠爆炸药发射的火...,37,支,5,千克,7333
93040000,其他武器（例如，弹簧...,54,支,130,千克,65899
93059900,其他品目9301至9...,32,千克,0,—,7800
93062900,猎枪子弹零件，气枪弹...,16459,千克,0,—,97152
93070090,其他剑、短弯刀、刺刀...,165,千克,280,件,4673
94011000,飞机用坐具,378,个,14741,千克,3575678
94012010,皮革或再生皮革面的机...,1204,个,27164,千克,869977
94012090,机动车辆用其他坐具,1677,个,34359,千克,785714
94013100,木制的可调高度的转动...,137,个,3431,千克,103740
94013900,非木制可调高度的转动...,17139,个,265191,千克,4042885
94014110,皮革或再生皮革制面的...,2,个,66,千克,48596
94014190,其他能作床用的木制两...,6,个,739,千克,27044
94014910,皮革或再生皮革制面能...,2,个,85,千克,6872
94014990,未列名能作床用的其他...,2024,个,60159,千克,319905
94015200,竹制的坐具,337,个,1422,千克,15999
94015300,藤制的坐具,2603,个,19895,千克,139940
94016110,皮革或再生皮革面的带...,12052,个,262452,千克,10577419
94016190,其他带软垫的木框架坐...,10767,个,301687,千克,7546202
94016900,其他木框架坐具,76059,个,931098,千克,4836528
94017110,皮革或再生皮革面的带...,8628,个,166602,千克,5842377
94017190,其他带软垫的金属框架...,12349,个,227829,千克,5621040
94017900,其他金属框架坐具,52251,个,141387,千克,2035244
94018010,石制的其他坐具,1,个,5,千克,655
94018090,其他坐具,56679,个,323071,千克,5789889
94019100,坐具的木制零件,134764,千克,0,—,581965
94019910,机动车辆用座椅调角器,489769,套,219294,千克,2033377
94019990,坐具的其他非木制零件,2795449,千克,0,—,29905901
94021010,理发用椅及其零件,276,个,5902,千克,119996
94021090,牙科椅和理发用类似椅...,4725,个,5910,千克,263108
94029000,其他医用家具及其零件,251955,件,166615,千克,7836323
94031000,办公室用金属家具,12907,件,280890,千克,2089664
94032000,其他金属家具,38889,件,696319,千克,9549800
94033000,办公室用木家具,3708,件,133986,千克,564750
94034000,厨房用木家具,51297,件,1275163,千克,7913982
94035010,卧室用红木家具,3098,件,349721,千克,1105607
94035099,其他卧室用木家具,12632,件,672919,千克,10216203
94036010,其他红木家具,7869,件,441137,千克,1415544
94036091,其他天然漆（大漆）漆...,2,件,150,千克,3593
94036099,未列名木家具,140275,件,3053169,千克,22520672
94037000,塑料家具,19985,件,142445,千克,1246963
94038200,竹制家具,1649,件,10955,千克,17716
94038300,藤制家具,2527,件,6397,千克,55493
94038920,石制家具,1426,件,114553,千克,3341621
94038990,未列名材料制家具,9333,件,219067,千克,3097035
94039100,家具的木制零件,1701681,千克,0,—,5119487
94039900,家具的非木制零件,827862,千克,0,—,4340220
94041000,弹簧床垫,15332,个,473458,千克,4235074
94042100,海绵橡胶或泡沫塑料制...,32466,个,469134,千克,2533958
94042900,其他材料制褥垫,6071,个,117152,千克,1128750
94043010,羽毛或羽绒填充的睡袋,102,个,458,千克,19835
94043090,其他睡袋,1897,个,2288,千克,38064
94044010,羽毛或羽绒填充的被子...,923,千克,378,件,122260
94044020,兽毛填充的被子、床罩,12720,千克,4555,件,246880
94044030,丝棉填充的被子、床罩,9072,千克,3683,件,60795
94044040,化纤棉填充的被子、床...,3848,千克,3285,件,54961
94044090,其他被子、床罩,815,千克,1704,件,32670
94049010,羽毛或羽绒填充的其他...,8877,千克,0,—,658864
94049020,兽毛填充的其他寝具及...,11050,千克,0,—,78298
94049030,丝棉填充的其他寝具及...,2833,千克,0,—,88617
94049040,化纤棉填充的其他寝具...,55858,千克,0,—,1103061
94049090,未列名寝具及类似用品,740971,千克,0,—,5245464
94051100,设计为仅使用发光二极...,201155,个,19184,千克,1006151
94051900,其他枝形吊灯及天花板...,4313,个,10580,千克,1381735
94052100,设计为仅使用发光二极...,9618,台,22146,千克,840764
94052900,其他电气的台灯、床头...,8867,台,19075,千克,716128
94053100,设计为仅使用发光二极...,29055,套,8468,千克,26163
94053900,其他圣诞树用的灯串,2183,套,733,千克,5604
94054100,光伏的且设计为仅使用...,5379124,台,1584,千克,415679
94054210,非光伏的且设计为仅使...,2065,台,2928,千克,379736
94054290,非光伏的且设计为仅使...,98607,千克,0,—,8389935
94054910,其他探照灯和聚光灯,410,台,2128,千克,244908
94054990,其他电气灯具及照明装...,91546,千克,0,—,10968176
94055000,非电气的灯具及照明装...,12210,千克,0,—,561673
94056100,设计为仅使用发光二极...,1760,千克,0,—,383882
94056900,其他发光标志、发光铭...,1156,千克,0,—,239444
94059100,品目9405所列货品...,22398,千克,0,—,623176
94059200,品目9405所列货品...,38437,千克,0,—,1494725
94059900,品目9405所列货品...,129758,千克,0,—,4114656
94061000,木制活动房屋,8624,千克,0,—,518833
94069000,其他材料制活动房屋,725139,千克,0,—,6258326
95030010,三轮车、踏板车和类似...,1051,辆,9381,千克,95134
95030021,玩具动物,3263824,个,295935,千克,7690759
95030029,玩偶，不论是否着装,2179844,个,412455,千克,14347748
95030060,智力玩具,982000,套,318838,千克,8215594
95030083,带动力装置的其他玩具...,87802,个,74222,千克,1379739
95030089,未列名玩具及模型,43198672,个,1460624,千克,30837404
95030090,品目9503所列货品...,514915,千克,0,—,7079884
95042000,台球的用品及附件,207886,千克,0,—,1167226
95043010,使用硬币、钞票、银行...,2150937,台,34318,千克,3541737
95043090,其他使用硬币、钞票、...,53016,台,17822,千克,1102231
95044000,游戏纸牌,1498743,副,126702,千克,2429699
95045020,自带视频显示装置的视...,148165,台,128964,千克,38779378
95045030,其他视频游戏控制器及...,32170,台,80140,千克,6203383
95045080,视频游戏控制器及设备...,33634081,个,141247,千克,27058254
95049010,其他电子游戏机,215900,台,6321,千克,1289234
95049022,保龄球,4,个,23,千克,613
95049029,其他保龄球自动球道设...,6,台,65,千克,2645
95049030,中国象棋、国际象棋、...,396828,副,28496,千克,332538
95049040,麻将及类似桌上游戏用...,3227550,副,94247,千克,3244237
95049090,未列名游艺场所、桌上...,1990703,台,81332,千克,2263864
95051000,圣诞节用品,35923,千克,0,—,210983
95059000,其他节日或娱乐用品，...,18611,千克,0,—,168178
95061100,滑雪屐,11524,双,31340,千克,1165387
95061200,滑雪屐扣件（滑雪屐带...,24198,千克,0,—,548498
95061900,其他滑雪器械,70149,千克,0,—,2658225
95062100,帆板,24,个,159,千克,4155
95062900,滑水板、冲浪板及其他...,31853,个,19826,千克,431090
95063100,完整的高尔夫球棍,45583,根,21483,千克,4799562
95063200,高尔夫球,1772579,个,96461,千克,3445112
95063900,其他高尔夫球器械,243640,千克,0,—,23649369
95064010,乒乓球,7143,百个,1786,千克,13880
95064090,其他乒乓球用品及器械,13614,千克,0,—,2228656
95065100,草地网球拍,1524,支,528,千克,42726
95065900,羽毛球拍或类似球拍,304550,支,41966,千克,4496722
95066100,网球,669549,个,47475,千克,496003
95066210,足球、篮球、排球,181807,个,91059,千克,1258777
95066290,其他可充气的运动用球,13099,个,4996,千克,78973
95066900,其他运动用球,872672,个,19997,千克,630458
95067010,溜冰鞋，包括装有冰刀...,38138,双,28157,千克,705868
95067020,旱冰鞋,10678,双,10370,千克,143290
95069111,跑步机,77234,台,62825,千克,1467019
95069119,其他健身及康复器械,270660,千克,0,—,4752484
95069190,未列名一般体育活动、...,80596,千克,0,—,1494283
95069910,滑板,78789,个,52676,千克,980991
95069990,未列名运动或户外游戏...,1259005,个,687152,千克,7396744
95071000,钓鱼竿,2647489,副,49951,千克,8308724
95072000,钓鱼钩，不论有无系钩...,11451,千克,0,—,790186
95073000,钓线轮,874125,个,74662,千克,12961284
95079000,其他钓鱼用品；捕捉网...,58333,千克,0,—,3125183
95082100,过山车,1943,千克,0,—,212217
95082200,旋转木马，秋千和旋转...,92,千克,0,—,12105
95082900,其他游乐场乘骑游乐设...,832,千克,0,—,84746
95083000,游乐场娱乐设备，包括...,42221,千克,0,—,1544572
96011000,已加工兽牙及其制品,75,千克,0,—,31888
96019000,已加工其他动物质雕刻...,48088,千克,0,—,118150
96020010,明胶制装药用胶囊,1671,千克,0,—,159544
96020090,已加工植物质或矿物质...,13067,千克,0,—,281953
96031000,用枝条或其他植物材料...,330512,把,173657,千克,59429
96032100,牙刷，包括齿板刷,33052945,把,121668,千克,5584760
96032900,剃须刷、发刷、指甲刷...,19327254,支,25774,千克,2663378
96033010,画笔,127512,支,2199,千克,65707
96033020,毛笔,146436,支,305,千克,44941
96033090,化妆用的类似笔,3927971,支,2184,千克,330775
96034011,猪鬃制漆刷及类似刷,6066,把,406,千克,9639
96034019,其他漆刷及类似刷,11826,把,371,千克,22748
96034020,油漆块垫及滚筒,2728,个,577,千克,16995
96035011,作为机器、器具零件的...,507830,个,3152,千克,272422
96035019,作为车辆零件的金属丝...,200030,个,41,千克,29002
96035091,未列名作为机器、器具...,5899917,个,112570,千克,7388184
96035099,未列名作为车辆零件的...,58,个,27,千克,564
96039090,其他帚刷拖把等；制帚...,5345067,个,57594,千克,1192348
96040000,手用粗筛、细筛,252,个,57,千克,9292
96050000,个人梳妆、缝纫或清洁...,447928,套,11589,千克,126098
96061000,揿扣及其零件,43034,千克,0,—,1935857
96062100,塑料制钮扣，未用纺织...,40802,千克,0,—,1504707
96062200,贱金属制钮扣，未用纺...,29930,千克,0,—,694078
96062900,其他钮扣,8870,千克,0,—,755436
96063000,钮扣芯及钮扣的其他零...,127955,千克,0,—,713832
96071100,装有贱金属齿的拉链,441015,米,23932,千克,595537
96071900,其他拉链,5605698,米,153059,千克,5528834
96072000,拉链零件,322160,千克,0,—,5390742
96081000,圆珠笔,20558241,支,230895,千克,10156062
96082000,毡尖及其他渗水式笔尖...,13310552,支,153480,千克,3165082
96083020,自来水笔,317443,支,6372,千克,3185592
96083090,铁笔型自来水笔及其他...,402068,支,10476,千克,3740686
96084000,活动铅笔,1290061,支,24170,千克,1546030
96085000,由上述两个或多个子目...,20760,套,11619,千克,170050
96086000,圆珠笔芯，由圆珠笔头...,17473183,支,46042,千克,2211176
96089100,钢笔头及笔尖粒,10551373,支,1203,千克,285093
96089910,机器、仪器用笔,22627,支,299,千克,83081
96089920,蜡纸铁笔；钢笔杆、铅...,158254,支,1386,千克,18895
96089990,其他笔零件其他笔零件,34308,千克,0,—,2250496
96091010,铅笔，笔芯包裹在外壳...,9385,千克,10674,百支,299469
96091020,颜色铅笔，笔芯包裹在...,92936,千克,0,—,692768
96092000,铅笔芯，黑的或其他颜...,8364,千克,0,—,375882
96099000,蜡笔、图画碳笔、粉笔...,65557,千克,0,—,561125
96100000,具有书写或绘画面的石...,8872,千克,0,—,163252
96110000,手用印戳；手工操作排...,6953,千克,0,—,233898
96121000,打字机色带等已着色色...,2226380,个,323655,千克,10535731
96122000,印台，不论是否已加印...,50812,个,1054,千克,25962
96131000,袖珍气体打火机，一次...,105000,个,1950,千克,9450
96132000,袖珍气体打火机，可充...,4557,个,900,千克,296540
96138000,其他打火器,380998,个,25070,千克,2471432
96139000,打火机等打火器零件，...,95237,千克,0,—,871576
96140010,烟斗及烟斗头,3920,个,593,千克,103553
96140090,烟嘴；烟斗及烟嘴的零...,7941,千克,0,—,189802
96151100,硬质橡胶或塑料制梳子...,53253,千克,0,—,1854020
96151900,其他梳子、发夹及类似...,16683,千克,0,—,1591408
96159000,发卡、卷发夹、卷发器...,10797,千克,0,—,599790
96161000,香水喷雾器等化妆喷雾...,32315,千克,0,—,710571
96162000,粉扑及粉拍，施敷脂粉...,5517,千克,0,—,978641
96170011,玻璃内胆保温瓶,12743,个,12324,千克,107343
96170019,其他保温瓶,212223,个,71296,千克,2605428
96170090,其他真空容器；真空容...,210466,千克,814393,个,10806678
96180000,人体模型；橱窗装饰用...,21887,千克,0,—,1369777
96190011,供婴儿使用的尿裤及尿...,2903821,千克,0,—,12839164
96190019,其他任何材料制的尿裤...,27110,千克,0,—,188647
96190020,任何材料制的卫生巾（...,1313487,千克,0,—,19436873
96190090,任何材料制的尿布衬里...,27499,千克,0,—,172205
96200010,专用于品目85.19...,26293,千克,0,—,1660158
96200090,其他独脚架、双脚架、...,3727,千克,0,—,365399
97012100,超过100年的油画、...,37,幅,141,千克,304521
97019111,100年及以下的唐卡...,4965,幅,994,千克,27105
97019119,100年及以下的其他...,2272,幅,11607,千克,48654373
97019120,100年及以下的油画...,411,幅,1263,千克,46127
97019900,100年及以下的拼贴...,2293,幅,2257,千克,225608
97029000,100年及以下的雕版...,499,幅,925,千克,576088
97031000,超过100年的各种材...,253,件,10161,千克,465931
97039000,100年及以下的各种...,649,件,7486,千克,7614317
97040010,使用过或未使用过的邮...,5486,千克,0,—,187983
97040090,使用或未使用过印花税...,10231,千克,0,—,208426
97051000,具有考古学、人种学或...,110,千克,0,—,35347
97052200,灭绝或濒危物种及其部...,1327,千克,0,—,148119
97052900,其他动物学、植物学、...,24427,千克,0,—,285412
97053100,超过100年的具有钱...,480,千克,0,—,90307
97053900,100年及以下的具有...,24,千克,0,—,4681
97061000,超过250年的古物,9752,件,322,千克,5535945
97069000,超过100年且不超过...,640,件,2866,千克,1369347
98010010,单项记录价值≤200...,0,千克,0,—,10279
98040000,低值简易通关商品,429821198,千克,0,—,438002303
98050000,个人跨境电商商品,4678198,千克,6483778,件,216404514
