商品编码,商品名称,第一数量,第一计量单位,第二数量,第二计量单位,美元
1012900,其他马，改良种用除外,7700,千克,14,头,14000
1022100,改良种用家牛,1485680,千克,5306,头,9843790
1022900,其他家牛，改良种用除...,2015520,千克,7407,头,12675536
1031000,改良种用猪,10575,千克,235,头,585250
1042010,改良种用山羊,63952,千克,1978,头,2767510
1042090,其他山羊，改良种用除...,3848,千克,118,头,153710
1051110,改良种用鸡，改良种用...,5853,千克,141308,只,3017046
1061990,"未列名哺乳动物,改良...",206,千克,2155,只,586525
1062020,食用爬行动物,6478,千克,4188,只,15592
1062090,未列名爬行动物,417,千克,4511,只,39117
1063910,其他改良种用鸟,500,千克,64,只,1240109
1063990,未列名鸟,751,千克,1493,只,2510929
1064910,改良种用昆虫,0,千克,1400,只,143
1064990,"其他昆虫,改良种用除...",3,千克,5990,只,4031
1069090,"其他活动物,改良种用...",2,千克,1599,只,3015
2012000,鲜或冷的带骨牛肉,104412,千克,0,—,1273549
2013000,鲜或冷的去骨牛肉,3819790,千克,0,—,30341966
2022000,冻带骨牛肉,25994534,千克,0,—,66631947
2023000,冻去骨牛肉,146680905,千克,0,—,731888221
2031200,鲜或冷的带骨猪前腿、...,19112,千克,0,—,70285
2031900,其他鲜或冷的猪肉,89426,千克,0,—,342992
2032190,其他冻整头及半头猪肉,318758,千克,0,—,817376
2032200,冻带骨猪前腿、猪后腿...,101632671,千克,0,—,237096619
2032900,其他冻猪肉,288923608,千克,0,—,816192622
2042200,鲜或冷的带骨绵羊肉,20674,千克,0,—,128454
2042300,鲜或冷的去骨绵羊肉,203,千克,0,—,2534
2043000,冻整头及半头羔羊肉,472305,千克,0,—,2572376
2044100,冻整头及半头绵羊肉,1602209,千克,0,—,7226326
2044200,冻带骨绵羊肉,29843032,千克,0,—,146297902
2044300,冻去骨绵羊肉,2221592,千克,0,—,8923091
2045000,山羊肉,20966,千克,0,—,142568
2050000,鲜、冷、冻的马、驴、...,2125960,千克,0,—,3875368
2062100,冻牛舌,3615,千克,0,—,46771
2062200,冻牛肝,239,千克,0,—,143
2062900,其他冻牛杂碎,2040010,千克,0,—,8477951
2064100,冻猪肝,1513079,千克,0,—,1084075
2064900,其他冻猪杂碎,130379556,千克,0,—,262804535
2069000,其他冻杂碎（牛、猪杂...,549010,千克,0,—,2882526
2071200,整只鸡，冻的,882142,千克,0,—,1182489
2071411,带骨的冻鸡块,39156928,千克,0,—,44579185
2071419,其他冻鸡块,906743,千克,0,—,1589792
2071421,冻鸡翼（不包括翼尖）,36765308,千克,0,—,115005944
2071422,冻鸡爪,47189360,千克,0,—,115192255
2071429,其他冻鸡杂碎,7438257,千克,0,—,14311665
2072700,火鸡块及杂碎，冻的,2167675,千克,0,—,3950772
2074500,冻的鸭块及杂碎,24721,千克,0,—,67000
2089090,其他鲜、冷、冻的肉及...,8704,千克,0,—,93501
2091000,未炼制或用其他方法提...,7855080,千克,0,—,11940099
2101110,干、熏、盐腌或盐渍带...,7019,千克,0,—,127229
2101900,其他干、熏、盐腌或盐...,54344,千克,0,—,1212704
3011100,淡水观赏鱼,17516,千克,0,—,2068503
3011900,其他观赏鱼,4950,千克,0,—,344266
3019210,鳗鱼苗,457,千克,0,—,687256
3019290,其他活鳗鱼，鱼苗除外,10021,千克,0,—,85500
3019911,鲈鱼苗,75,千克,0,—,8489
3019919,其他鱼苗,3886,千克,0,—,59382
3019999,其他活鱼,991214,千克,0,—,4115900
3021100,鲜或冷的鳟鱼,77775,千克,0,—,547504
3021300,鲜或冷的大麻哈鱼,17555,千克,0,—,274527
3021410,鲜或冷的大西洋鲑鱼,2944012,千克,0,—,23822036
3022100,鲜或冷的庸鲽鱼,212,千克,0,—,2726
3022300,鲜或冷的鳎鱼,32,千克,0,—,1051
3022900,其他鲜或冷的比目鱼,134619,千克,0,—,270998
3023200,鲜或冷的黄鳍金枪鱼,12863,千克,0,—,54276
3023300,鲜或冷的鲣鱼或狐鲣,160,千克,0,—,3775
3023510,鲜或冷的大西洋蓝鳍金...,2137,千克,0,—,53592
3023520,鲜或冷的太平洋蓝鳍金...,23667,千克,0,—,783163
3023600,鲜或冷的南方蓝鳍金枪...,10471,千克,0,—,139473
3024400,鲜或冷的鲭鱼,652,千克,0,—,15017
3024500,鲜或冷的对称竹荚鱼、...,4734,千克,0,—,76904
3024900,鲜或冷的印度鲭、马鲛...,112635,千克,0,—,1160614
3025100,鲜或冷的鳕鱼,31,千克,0,—,521
3025300,鲜或冷的绿青鳕鱼,40,千克,0,—,862
3025900,其他鲜或冷的犀鳕科、...,7,千克,0,—,61
3028910,鲜或冷的带鱼,1103861,千克,0,—,1827485
3028920,鲜或冷的黄鱼,1917,千克,0,—,13775
3028930,鲜或冷的鲳鱼,971,千克,0,—,13065
3028990,其他鲜或冷的鱼,952705,千克,0,—,4019620
3029900,其他鲜或冷的可食用鱼...,120,千克,0,—,67
3031100,冻红大麻哈鱼,10490,千克,0,—,60700
3031200,其他冻大麻哈鱼,2852048,千克,0,—,6855990
3031300,冻大西洋鲑鱼及多瑙哲...,2016133,千克,0,—,9255766
3031400,冻鳟鱼,66671,千克,0,—,435640
3031900,其他冻鲑科鱼,39134,千克,0,—,181974
3032400,冻鲶鱼,3277015,千克,0,—,4993331
3032500,冻鲤科鱼,31348,千克,0,—,31728
3032600,冻鳗鱼,348760,千克,0,—,485817
3033110,冻格陵兰庸鲽鱼,2365964,千克,0,—,13265716
3033190,其他冻庸鲽鱼,122181,千克,0,—,785065
3033200,冻鲽鱼,100310,千克,0,—,121197
3033300,冻鳎鱼,162844,千克,0,—,379572
3033900,其他冻比目鱼,21289857,千克,0,—,29113904
3034100,冻长鳍金枪鱼,3965,千克,0,—,7335
3034200,冻黄鳍金枪鱼,1817057,千克,0,—,2644747
3034300,冻鲣鱼或狐鲣,7607310,千克,0,—,9503702
3034400,冻大眼金枪鱼,254591,千克,0,—,459389
3034510,冻大西洋蓝鳍金枪鱼,9336,千克,0,—,130430
3035100,冻鲱鱼,9376100,千克,0,—,9317093
3035300,冻的沙丁鱼、小沙丁鱼...,11884860,千克,0,—,6801691
3035400,冻鲭鱼,5083851,千克,0,—,7794057
3035500,冻的对称竹荚鱼、新西...,1767886,千克,0,—,2432896
3035700,冻剑鱼,21062,千克,0,—,81196
3035900,冻的鳀鱼、印度鲭、马...,3445197,千克,0,—,4923571
3036300,冻鳕鱼,5638571,千克,0,—,15834942
3036400,冻黑线鳕鱼,3423559,千克,0,—,8987429
3036500,冻绿青鳕鱼,862449,千克,0,—,2102029
3036600,冻狗鳕鱼,2496096,千克,0,—,3037440
3036700,冻狭鳕鱼,23689162,千克,0,—,24953556
3036800,冻蓝鳕鱼,9334024,千克,0,—,6439588
3036900,其他冻的犀鳕科、多丝...,522115,千克,0,—,927192
3038100,冻角鲨及其他鲨鱼,1177517,千克,0,—,1528964
3038200,冻魟鱼及鳐鱼,142121,千克,0,—,168136
3038300,冻南极犬牙鱼,667775,千克,0,—,13154470
3038400,冻尖吻鲈鱼,18,千克,0,—,724
3038910,冻带鱼,13343130,千克,0,—,25368222
3038920,冻黄鱼,318260,千克,0,—,437490
3038930,冻鲳鱼,747875,千克,0,—,1644660
3038990,未列名冻鱼,25761213,千克,0,—,43616936
3039100,冻的鱼肝、鱼卵及鱼精,1046281,千克,0,—,5702609
3039200,冻鲨鱼翅,368392,千克,0,—,2575754
3039900,其他冻的可食用鱼杂碎,4248723,千克,0,—,7430731
3044100,鲜或冷的大麻哈鱼、大...,64,千克,0,—,878
3044900,其他鲜或冷的鱼片,1221,千克,0,—,24867
3045900,其他鲜或冷的鱼肉,766,千克,0,—,48747
3046100,冻罗非鱼鱼片,15206,千克,0,—,105818
3046290,其他冻鲶鱼鱼片,18802433,千克,0,—,31626162
3047100,冻鳕鱼鱼片,75407,千克,0,—,678765
3047500,冻狭鳕鱼鱼片,837406,千克,0,—,3199108
3047900,其他冻的犀鳕科、多丝...,317779,千克,0,—,1064537
3048100,冻的大麻哈鱼、大西洋...,55124,千克,0,—,686124
3048300,冻比目鱼鱼片,26771,千克,0,—,221363
3048600,冻鲱鱼鱼片,7988,千克,0,—,4006
3048700,冻的金枪鱼、鲣鱼或狐...,67118,千克,0,—,401436
3048900,其他冻鱼片,111695,千克,0,—,515153
3049200,冻南极犬牙鱼鱼肉,9760,千克,0,—,21960
3049300,冻的罗非鱼、鲶鱼、鳗...,47287,千克,0,—,89514
3049400,冻狭鳕鱼鱼肉,103360,千克,0,—,389173
3049500,冻的犀鳕科、多丝真鳕...,381822,千克,0,—,553277
3049900,其他冻鱼肉,4214830,千克,0,—,10170391
3051000,适合供人食用的鱼的细...,4760,千克,0,—,87422
3052000,干、熏、盐腌或盐渍的...,154532,千克,0,—,1814959
3053900,其他干、盐腌或盐渍的...,7500,千克,0,—,48896
3054110,熏大西洋鲑鱼,1187,千克,0,—,23794
3054900,其他熏鱼,10172,千克,0,—,53002
3055100,干鳕鱼,25454,千克,0,—,51061
3055400,干的鲱鱼、鳀鱼、沙丁...,1189025,千克,0,—,2138064
3055990,其他干鱼,2830386,千克,0,—,5601828
3056400,盐腌及盐渍的罗非鱼、...,623000,千克,0,—,1064778
3056990,未列名盐腌及盐渍的鱼,58267,千克,0,—,101520
3057100,鲨鱼翅,28628,千克,0,—,413277
3057200,鱼头、鱼尾、鱼鳔,256215,千克,0,—,2311664
3057900,其他鱼鳍及其他可食用...,176494,千克,0,—,258600
3061100,冻的岩礁虾和其他龙虾,295496,千克,0,—,4332311
3061410,冻梭子蟹,168532,千克,0,—,312467
3061490,其他冻蟹,423950,千克,0,—,3780062
3061500,冻挪威海鳌虾,32333,千克,0,—,440473
3061611,冻冷水小虾仁,27507,千克,0,—,330866
3061612,其他冻北方长额小虾,4103691,千克,0,—,18801522
3061619,其他冻冷水小虾,586888,千克,0,—,1286396
3061629,其他冻冷水对虾,4770,千克,0,—,27769
3061711,其他冻小虾仁,636066,千克,0,—,3907717
3061719,其他冻小虾,2341252,千克,0,—,16764286
3061721,其他冻对虾仁,2467567,千克,0,—,15606024
3061729,其他冻对虾,69089049,千克,0,—,383746600
3061990,其他冻甲壳动物，包括...,1031270,千克,0,—,4496219
3063190,活、鲜或冷的岩礁虾和...,1677003,千克,0,—,60275110
3063290,活、鲜或冷的鳌龙虾，...,1999858,千克,0,—,29201204
3063310,蟹种苗,2,千克,0,—,66
3063392,活、鲜或冷的梭子蟹，...,69765,千克,0,—,532719
3063399,其他活、鲜或冷的蟹，...,4384092,千克,0,—,60569935
3063590,活的冷水对虾及活、鲜...,3754,千克,0,—,114508
3063610,其他小虾种苗及对虾种...,2211,千克,0,—,1814586
3063690,其他活的对虾及活、鲜...,120088,千克,0,—,1180857
3063910,其他甲壳动物的种苗,171,千克,0,—,4694
3063990,未列名活、鲜或冷的甲...,123044,千克,0,—,2874219
3069590,本品目所列其他方法加...,532508,千克,0,—,1159091
3069900,本品目所列其他方法加...,850,千克,0,—,25137
3071190,活、鲜或冷的牡蛎，种...,166328,千克,0,—,1757137
3071200,冻牡蛎,76580,千克,0,—,527483
3072190,活、鲜或冷的扇贝，种...,70333,千克,0,—,271860
3072200,冻扇贝,8403870,千克,0,—,13090450
3073190,活、鲜或冷的贻贝，种...,202511,千克,0,—,835357
3073200,冻贻贝,424725,千克,0,—,2325477
3074291,活、鲜或冷的墨鱼（乌...,5509,千克,0,—,14140
3074299,其他活、鲜或冷的墨鱼...,501,千克,0,—,15851
3074310,冻的墨鱼（乌贼属、巨...,20127127,千克,0,—,52261713
3074390,其他冻的墨鱼及鱿鱼,10646462,千克,0,—,20339783
3074910,干、盐腌、盐渍或熏制...,817590,千克,0,—,3124222
3074990,其他干、盐腌、盐渍或...,105800,千克,0,—,241844
3075200,冻章鱼,1769677,千克,0,—,4370073
3076090,活、鲜、冷、冻、干、...,218726,千克,0,—,261001
3077191,活、鲜或冷的蛤，种苗...,431549,千克,0,—,1001794
3077199,活、鲜或冷的鸟蛤及舟...,275489,千克,0,—,401779
3077200,冻的蛤、鸟蛤及舟贝,358964,千克,0,—,3715563
3078190,活、鲜或冷的鲍鱼，种...,47149,千克,0,—,2253007
3078290,活、鲜或冷的凤螺，种...,20182,千克,0,—,95859
3078300,冻鲍鱼,9437,千克,0,—,440136
3078400,冻凤螺,100610,千克,0,—,193793
3078700,干、盐腌、盐渍或熏制...,5036,千克,0,—,182089
3079190,未列名活、鲜、冷的软...,637572,千克,0,—,10022865
3079200,未列名冻的软体动物,810833,千克,0,—,2887725
3081200,冻海参,247811,千克,0,—,1741747
3081900,干、盐腌、盐渍或熏制...,144104,千克,0,—,1825714
3082190,活、鲜或冷的海胆，种...,154,千克,0,—,22841
3083090,冻、干、盐腌、盐渍或...,2201426,千克,0,—,2343653
3089019,未列名活、鲜或冷的不...,1034,千克,0,—,50806
4011000,未浓缩及未加糖或其他...,13196662,千克,0,—,8744975
4012000,未浓缩及未加糖或其他...,48754306,千克,0,—,40122278
4014000,未浓缩及未加糖或其他...,7716,千克,0,—,21100
4015000,未浓缩及未加糖或其他...,20477173,千克,0,—,66589133
4021000,粉状、粒状或其他固状...,23377603,千克,0,—,68935648
4022100,粉状、粒状或其他固状...,36285782,千克,0,—,128633738
4022900,粉状、粒状或其他固状...,925688,千克,0,—,7955686
4029100,非固状乳及奶油，未加...,176073,千克,0,—,536760
4029900,非固状乳及奶油，加糖...,1624808,千克,0,—,2573169
4031000,酸乳,2689439,千克,0,—,4212179
4039000,其他酪乳、结块的乳及...,197478,千克,0,—,640401
4041000,乳清及改性乳清，不论...,55721301,千克,0,—,73250776
4049000,未列名含天然乳产品，...,395484,千克,0,—,639068
4051000,黄油,4770189,千克,0,—,24186424
4059000,其他从乳中提取的脂和...,3685803,千克,0,—,18990899
4061000,鲜乳酪包括乳清乳酪；...,4148989,千克,0,—,16967352
4062000,各种磨碎或粉化的乳酪,3615998,千克,0,—,16747636
4063000,经过加工的乳酪（但磨...,1897499,千克,0,—,10118511
4064000,蓝纹乳酪和娄地青霉生...,11373,千克,0,—,103957
4069000,未列名的乳酪,2784426,千克,0,—,13272562
4090000,天然蜂蜜,587925,千克,0,—,6686893
4100010,燕窝,20333,千克,0,—,32865657
4100043,蜂花粉,82,千克,0,—,7106
4100049,其他蜂产品,6401,千克,0,—,141995
4100090,未列名食用动物产品,65980,千克,0,—,336875
5029019,未列名制刷用兽毛,10481,千克,0,—,4805
5040011,盐渍猪肠衣（猪大肠头...,5584129,千克,0,—,12820813
5040012,盐渍绵羊肠衣,3476984,千克,0,—,4743977
5040019,其他动物肠衣,65457,千克,0,—,232429
5040021,冷、冻的鸡肫,871894,千克,0,—,1593276
5040029,其他动物的胃,5227035,千克,0,—,21777999
5040090,其他动物肠及膀胱，整...,23573,千克,0,—,83392
5051000,填充用羽毛；羽绒,1841316,千克,0,—,10468151
5059090,其他羽毛；带有羽毛或...,165243,千克,0,—,355446
5069090,其他未经加工或经脱脂...,4877374,千克,0,—,2272584
5071000,兽牙；兽牙粉末及废料,218,千克,0,—,64896
5079020,鹿茸及其粉末,54217,千克,0,—,2099935
5079090,龟壳、鲸须、其他兽角...,96560,千克,0,—,113815
5080010,软体、甲壳或棘皮动物...,24000,千克,0,—,10832
5080090,珊瑚及类似品；软体、...,3770929,千克,0,—,953064
5100090,未列名配药用腺体及其...,14011,千克,0,—,252544
5111000,牛的精液,564,千克,0,—,3886430
5119111,受精鱼卵,28,千克,0,—,11548
5119119,其他鱼产品,225432,千克,0,—,280074
5119190,未列名甲壳动物、软体...,547305,千克,0,—,1326447
5119910,动物精液（牛的精液除...,0,千克,0,—,5
5119920,动物胚胎,6,千克,0,—,310140
5119940,马毛及废马毛，不论是...,191090,千克,0,—,164805
5119990,其他品目未列名动物产...,319316,千克,0,—,863292
6011021,种用百合球茎,59671510,个,4999629,千克,10975736
6011091,种用休眠的鳞茎、块茎...,2934655,个,84984,千克,502477
6021000,无根插枝及接穗植物,3572546,株,543553,千克,571866
6022010,食用水果或坚果种用苗...,630,株,7,千克,359
6022090,食用水果或坚果树、灌...,600,株,7800,千克,16485
6023090,其他杜鹃，不论是否嫁...,230,株,4548,千克,10462
6024010,种用玫瑰,50,株,20,千克,46
6029010,蘑菇菌丝,268808,千克,0,—,535238
6029091,其他种用苗木,4242021,株,220537,千克,770852
6029099,未列名活植物,102963,株,3159481,千克,6632861
6031100,鲜的制花束或装饰用的...,17162,千克,279401,枝,158735
6031200,鲜的制花束或装饰用的...,2027,千克,51450,枝,15803
6031300,鲜的制花束或装饰用的...,378534,千克,15856112,枝,829215
6031400,鲜的制花束或装饰用的...,27646,千克,384128,枝,105065
6031500,鲜的制花束或装饰用的...,1045,千克,16490,枝,14359
6031900,其他鲜的制花束或装饰...,120715,千克,2567574,枝,1198752
6039000,制花束或装饰用的插花...,146509,千克,23827409,枝,350356
6042010,鲜的苔藓及地衣,821,千克,0,—,1814
6042090,鲜的制花束或装饰用的...,24161,千克,0,—,551537
6049090,未列名制花束或装饰用...,11306,千克,0,—,104279
7061000,鲜或冷藏的胡萝卜及萝...,5077,千克,0,—,7470
7096000,鲜或冷藏的辣椒，包括...,1163836,千克,0,—,791594
7099300,鲜或冷藏的南瓜、笋瓜...,142625,千克,0,—,77343
7101000,冷冻马铃薯,500,千克,0,—,839
7102100,冷冻豌豆,1488187,千克,0,—,1643220
7102900,其他冷冻豆类蔬菜,2840,千克,0,—,4093
7103000,冷冻菠菜,720,千克,0,—,1099
7104000,冷冻甜玉米,971461,千克,0,—,1191437
7108090,冷冻未列名蔬菜,41610,千克,0,—,50990
7109000,冷冻什锦蔬菜,27868,千克,0,—,47192
7112000,暂时保藏的油橄榄,35328,千克,0,—,47719
7114000,暂时保藏的黄瓜及小黄...,125000,千克,0,—,97922
7119031,盐水竹笋,19350,千克,0,—,101201
7122000,干洋葱,25594,千克,0,—,96972
7123100,干伞菌属蘑菇,440,千克,0,—,10560
7123910,干香菇,23,千克,0,—,1062
7123991,干羊肚菌,10,千克,0,—,2150
7123999,未列名干蘑菇及块菌,440,千克,0,—,5392
7129050,干大蒜,53021,千克,0,—,125296
7129099,未列名干蔬菜及什锦蔬...,96263,千克,0,—,1481165
7131010,种用豌豆,334606,千克,0,—,404008
7131090,其他干豌豆,219938197,千克,0,—,65861998
7132090,其他干鹰嘴豆,1598511,千克,0,—,934819
7133190,其他干绿豆,24262301,千克,0,—,23104404
7133290,其他红小豆（赤豆），...,228250,千克,0,—,397514
7133390,其他干芸豆,1447819,千克,0,—,1054646
7133900,未列名豇豆属及菜豆属...,50000,千克,0,—,25577
7134090,其他干扁豆,2881774,千克,0,—,1499924
7139010,种用其他脱荚干豆,9785,千克,0,—,57639
7139090,其他脱荚干豆，种用除...,8488669,千克,0,—,7232927
7141020,木薯干,404793126,千克,0,—,89155350
7142030,冷或冻甘薯,35000,千克,0,—,23731
7144000,芋头(芋属),134204,千克,0,—,376778
8011100,椰子干,1564408,千克,0,—,2136110
8011200,未去内壳（内果皮）的...,46162282,千克,0,—,19160211
8011990,其他椰子,185038,千克,0,—,171365
8012100,未去壳巴西果,100000,千克,0,—,305028
8012200,去壳巴西果,4,千克,0,—,171
8013100,未去壳腰果,1314676,千克,0,—,1003468
8013200,去壳腰果,2184841,千克,0,—,12465168
8021100,未去壳扁桃核,1818493,千克,0,—,8658835
8021200,扁桃仁,1685761,千克,0,—,10940371
8022100,未去壳榛子,4860,千克,0,—,44014
8022200,榛子仁,55802,千克,0,—,408909
8023100,未去壳核桃,1425700,千克,0,—,4253856
8023200,核桃仁,110908,千克,0,—,840197
8024110,未去壳板栗,6000,千克,0,—,15000
8024210,去壳板栗,179,千克,0,—,693
8025100,未去壳阿月浑子果(开...,3891172,千克,0,—,23123557
8025200,去壳阿月浑子果(开心...,8460,千克,0,—,114213
8026190,其他未去壳马卡达姆坚...,3077979,千克,0,—,15862295
8026200,去壳马卡达姆坚果(夏...,215877,千克,0,—,1310912
8028000,槟榔果,377319,千克,0,—,377993
8029030,松子仁,253477,千克,0,—,3294304
8029090,未列名鲜或干坚果,928677,千克,0,—,4649250
8031000,鲜或干的芭蕉,88474,千克,0,—,9327
8039000,其他鲜或干的香蕉，芭...,146324337,千克,0,—,77258457
8041000,鲜或干的椰枣,130135,千克,0,—,77023
8042000,鲜或干的无花果,168617,千克,0,—,282702
8043000,鲜或干的菠萝,13198175,千克,0,—,10722921
8044000,鲜或干的鳄梨,2654582,千克,0,—,6335863
8045010,鲜或干的番石榴,30790,千克,0,—,48771
8045020,鲜或干的芒果,4482496,千克,0,—,5617967
8045030,鲜或干的山竹果,49801319,千克,0,—,101504607
8051000,鲜或干的橙,9533577,千克,0,—,10744855
8052110,蕉柑,49067,千克,0,—,132370
8052190,其他柑橘（包括小蜜橘...,1897236,千克,0,—,2539001
8052900,韦尔金橘及类似的杂交...,68640,千克,0,—,82447
8054000,葡萄柚，包括柚,15403315,千克,0,—,12464755
8055000,柠檬及酸橙,590062,千克,0,—,692234
8059000,未列名柑桔属水果,75,千克,0,—,10781
8061000,鲜葡萄,13327725,千克,0,—,31436034
8062000,葡萄干,1202864,千克,0,—,2353113
8071910,鲜哈密瓜,540,千克,0,—,914
8072000,鲜木瓜,129554,千克,0,—,146044
8081000,鲜苹果,9576168,千克,0,—,15754426
8083010,鲜鸭梨、雪梨,4790,千克,0,—,30100
8083090,其他鲜梨,1020588,千克,0,—,1457145
8092900,其他鲜樱桃,1878174,千克,0,—,17209520
8093000,鲜桃，包括油桃,800,千克,0,—,4572
8094000,鲜梅及李,89534,千克,0,—,385067
8104000,鲜蔓越橘及越橘,11250,千克,0,—,78750
8105000,鲜猕猴桃,12908201,千克,0,—,42940967
8106000,鲜榴莲,70433258,千克,0,—,254949825
8109010,鲜荔枝,15821525,千克,0,—,5551043
8109030,鲜龙眼,1997025,千克,0,—,2665728
8109040,鲜红毛丹,33984,千克,0,—,79304
8109050,鲜番荔枝,64469,千克,0,—,205605
8109060,鲜杨桃,1448,千克,0,—,1483
8109070,鲜莲雾,392915,千克,0,—,1535571
8109080,鲜火龙果,39872484,千克,0,—,34199270
8109090,未列名鲜果,1090616,千克,0,—,1266216
8111000,冷冻草莓,2679587,千克,0,—,4773867
8112000,冷冻木莓、黑莓、桑椹...,253264,千克,0,—,554375
8119090,未列名冷冻水果及坚果,6234441,千克,0,—,28889736
8121000,暂时保藏的樱桃,78400,千克,0,—,212277
8129000,其他暂时保藏的水果及...,361991,千克,0,—,256089
8131000,杏干,179544,千克,0,—,303143
8132000,梅干及李干,1600531,千克,0,—,2484252
8133000,苹果干,0,千克,0,—,5
8134010,龙眼干、肉,499755,千克,0,—,635062
8134030,红枣,349,千克,0,—,5994
8134090,未列名干果,52640,千克,0,—,690389
8135000,本章的什锦坚果或干果,10229,千克,0,—,136110
8140000,柑桔属水果或甜瓜（包...,1504,千克,0,—,15881
9011100,未焙炒未浸除咖啡碱的...,5271689,千克,0,—,14099908
9011200,未焙炒已浸除咖啡碱的...,642,千克,0,—,1175
9012100,已焙炒未浸除咖啡碱的...,1067555,千克,0,—,11871858
9012200,已焙炒已浸除咖啡碱的...,49372,千克,0,—,659327
9019010,咖啡豆荚及咖啡豆皮,34,千克,0,—,1020
9019020,含咖啡的咖啡代用品,1338,千克,0,—,25336
9021010,花茶，内包装每件净重...,10182,千克,0,—,201812
9021090,绿茶，内包装每件净重...,13405,千克,0,—,297726
9022010,花茶，内包装每件净重...,32794,千克,0,—,17870
9022090,绿茶，内包装每件净重...,244041,千克,0,—,524947
9023010,乌龙茶，内包装每件净...,95763,千克,0,—,879656
9023020,普洱茶，内包装每件净...,37826,千克,0,—,123725
9023090,红茶及其他半发酵茶，...,134636,千克,0,—,1586350
9024010,乌龙茶，内包装每件净...,71271,千克,0,—,850984
9024090,红茶及其他半发酵茶，...,3994184,千克,0,—,11811059
9030000,马黛茶,12409,千克,0,—,50680
9041100,未磨胡椒,1500995,千克,0,—,4210631
9041200,已磨胡椒,45634,千克,0,—,291004
9042100,未磨的辣椒干,14132729,千克,0,—,31492248
9042200,已磨的辣椒,44286,千克,0,—,197612
9051000,未磨的香子兰豆,745,千克,0,—,215726
9052000,已磨的香子兰豆,3,千克,0,—,1276
9061100,未磨的锡兰肉桂,1,千克,0,—,67
9061900,其他未磨的肉桂及肉桂...,143847,千克,0,—,46227
9062000,已磨的肉桂及肉桂花,11105,千克,0,—,46719
9071000,未磨的丁香（母丁香、...,224000,千克,0,—,880769
9081100,未磨的肉豆蔻,444250,千克,0,—,2433788
9083100,未磨的豆蔻,150200,千克,0,—,1978327
9083200,已磨的豆蔻,1,千克,0,—,123
9092100,未磨的芫荽子,281908,千克,0,—,240558
9092200,已磨的芫荽子,2930,千克,0,—,8786
9093100,未磨的枯茗子,12708483,千克,0,—,23231093
9093200,已磨的枯茗子,12397,千克,0,—,46805
9096190,未磨的茴芹子、艹页蒿...,324000,千克,0,—,265553
9096210,已磨的八角茴香,0,千克,0,—,17
9096290,已磨的茴芹子、艹页蒿...,10588,千克,0,—,21851
9101100,未磨的姜,231854,千克,0,—,271510
9101200,已磨的姜,10166,千克,0,—,27716
9102000,番红花,542,千克,0,—,266156
9103000,姜黄,1309487,千克,0,—,464207
9109100,不同品目的≥两种调味...,19554,千克,0,—,116806
9109900,未列名调味香料,575294,千克,0,—,1291223
10011900,其他硬粒小麦,528373357,千克,0,—,156192820
10019900,其他小麦及混合麦，种...,365322761,千克,0,—,97115530
10039000,其他大麦,499075671,千克,0,—,121033857
10041000,种用燕麦,898745,千克,0,—,540008
10049000,其他燕麦,20943933,千克,0,—,6443778
10051000,种用玉米,1303,千克,0,—,15404
10059000,玉米，种用除外,881591408,千克,0,—,189105651
10061021,种用长粒米稻谷（粒长...,33,千克,0,—,390
10062020,长粒米糙米（粒长＞6...,28700,千克,0,—,46346
10063020,长粒米精米（粒长＞6...,134500366,千克,0,—,84438129
10063080,中短粒米精米（粒长≤...,19284447,千克,0,—,8002079
10064020,长粒米碎米（用粒长大...,79406150,千克,0,—,41744081
10064080,中短粒米碎米（用粒长...,19676032,千克,0,—,4989506
10079000,其他食用高粱,682157705,千克,0,—,156164257
10083000,加那利草子,802390,千克,0,—,496809
10085090,其他昆诺阿藜,72175,千克,0,—,140887
10086090,其他黑小麦,140030,千克,0,—,64554
10089010,其他种用谷物,23587,千克,0,—,14560
10089090,未列名谷物,56889,千克,0,—,102474
11010000,小麦或混合麦的细粉,15926368,千克,0,—,6905284
11022000,玉米细粉,355396,千克,0,—,226611
11029021,长粒米大米细粉（用粒...,255000,千克,0,—,222503
11029029,中短粒米大米细粉（用...,3654300,千克,0,—,4432242
11029090,未列名谷物细粉,21438,千克,0,—,23417
11031100,小麦粗粒、粗粉,325015,千克,0,—,151576
11031910,燕麦粗粒、粗粉,20,千克,0,—,41
11031990,其他谷物粗粒、粗粉,2620,千克,0,—,2039
11041200,滚压或制片的燕麦,1147589,千克,0,—,839089
11041990,其他滚压或制片的谷物,8,千克,0,—,103
11042200,经其他加工的燕麦,656266,千克,0,—,379378
11042990,经其他加工的未列名谷...,6117447,千克,0,—,9465706
11043000,整粒、滚压、制片或磨...,48,千克,0,—,294
11051000,马铃薯细粉及粗粉、粉...,1300414,千克,0,—,1548055
11052000,马铃薯粉片、颗粒及团...,988541,千克,0,—,1185967
11061000,品目0713干豆制细...,96200,千克,0,—,41517
11062000,品目0714西谷茎髓...,263402,千克,0,—,600987
11063000,第8章产品制细粉及粗...,85925,千克,0,—,616076
11071000,未焙制的麦芽,874985,千克,0,—,579416
11072000,已焙制的麦芽,127881,千克,0,—,117285
11081100,小麦淀粉,307751,千克,0,—,126795
11081200,玉米淀粉,1589677,千克,0,—,1083085
11081300,马铃薯淀粉,4037474,千克,0,—,3372177
11081400,木薯淀粉,195052699,千克,0,—,78291729
11081900,未列名淀粉,1943287,千克,0,—,946985
11082000,菊粉,675890,千克,0,—,1627087
11090000,面筋，不论是否干制,110000,千克,0,—,185543
12019010,黄大豆，种用除外,11159078062,千克,0,—,4208245910
12024100,其他未去壳花生，种用...,66903551,千克,0,—,38298572
12024200,其他去壳花生，不论是...,68705814,千克,0,—,61342295
12030000,干椰子肉,9919,千克,0,—,5837
12040000,亚麻子，不论是否破碎,47396331,千克,0,—,22138625
12051090,其他低芥子酸油菜子,171949900,千克,0,—,79608996
12059090,未列名油菜子,23874925,千克,0,—,9101703
12060010,种用葵花子,1520,千克,0,—,350357
12060090,其他葵花子,2656700,千克,0,—,1891320
12073090,其他蓖麻子,383811,千克,0,—,222000
12074090,其他芝麻,86693554,千克,0,—,117664419
12075090,其他芥子,5180,千克,0,—,8051
12076090,其他红花子,2147000,千克,0,—,604580
12077010,种用甜瓜子,1604,千克,0,—,871084
12079999,未列名含油子仁及果实,1213358,千克,0,—,1841038
12081000,大豆粉,19,千克,0,—,426
12089000,其他含油子仁或果实细...,52,千克,0,—,871
12091000,糖甜菜子,2898,千克,0,—,155641
12092100,紫苜蓿子,478808,千克,0,—,1453931
12092200,三叶草子,309913,千克,0,—,1141794
12092300,羊茅子,734959,千克,0,—,1309312
12092400,草地早熟禾子,157650,千克,0,—,399647
12092500,黑麦草种子,3679817,千克,0,—,3445451
12093000,草本花卉植物种子,6571,千克,0,—,3418338
12099100,蔬菜种子,737764,千克,0,—,20589087
12099900,其他种植用种子、果实...,753868,千克,0,—,3546901
12102000,啤酒花，经研磨或制成...,139732,千克,0,—,1544304
12112010,西洋参,99389,千克,0,—,3977461
12112099,未列名人参,301,千克,0,—,118502
12119015,菊花,10000,千克,0,—,33000
12119032,大海子,157300,千克,0,—,848998
12119036,甘草,840014,千克,0,—,649718
12119039,未列名主要用作药料的...,4173323,千克,0,—,4746310
12119050,主要用作香料的植物及...,1065386,千克,0,—,1270887
12119099,主要用作杀虫、杀菌等...,1091234,千克,0,—,1076668
12122110,海带,7262,千克,0,—,22325
12122131,干的裙带菜,11747,千克,0,—,121439
12122141,干紫菜,97783,千克,0,—,1225150
12122161,干麒麟菜,12943540,千克,0,—,18334250
12122169,其他麒麟菜,164079,千克,0,—,213230
12122171,干江蓠,4729580,千克,0,—,2817592
12122190,未列名适合供人食用的...,7316,千克,0,—,23512
12122910,马尾藻,2878340,千克,0,—,873984
12122990,其他不适合供人食用的...,6601796,千克,0,—,7674030
12129100,甜菜,100,千克,0,—,735
12129300,甘蔗,46639610,千克,0,—,2488724
12129912,甜杏仁,54887,千克,0,—,76056
12129919,杏核；桃（包括油桃）...,4,千克,0,—,140
12129996,甜叶菊叶,435448,千克,0,—,918720
12129999,未列名食用植物产品,1142104,千克,0,—,2445203
12130000,未经处理的谷类植物的...,3715506,千克,0,—,916420
12141000,紫苜蓿粗粉及团粒,2734985,千克,0,—,769432
12149000,其他草饲料,137258345,千克,0,—,48857811
13012000,阿拉伯胶,289628,千克,0,—,1020333
13019020,乳香、没药及血竭,274201,千克,0,—,1820380
13019040,松脂,2759619,千克,0,—,2136676
13019090,未列名树胶、树脂,104117,千克,0,—,221314
13021200,甘草液汁及浸膏,356119,千克,0,—,1837832
13021300,啤酒花液汁及浸膏,100,千克,0,—,7548
13021920,印楝素,0,千克,0,—,1870
13021940,银杏液汁及浸膏,22,千克,0,—,637
13021990,其他植物液汁及浸膏,509532,千克,0,—,6958939
13022000,果胶、果胶酸盐及果胶...,893236,千克,0,—,8340918
13023100,琼脂,72092,千克,0,—,1143502
13023200,从刺槐豆、刺槐豆子或...,2193966,千克,0,—,4173175
13023911,卡拉胶,799422,千克,0,—,6422449
13023912,褐藻胶,189,千克,0,—,10610
13023919,未列名海草及藻类产品...,8338,千克,0,—,127460
13023990,其他植物产品制得的胶...,273554,千克,0,—,422264
14011000,竹,893740,千克,0,—,39325
14012000,藤,1123941,千克,0,—,995808
14019090,未列名主要作编结用的...,115781,千克,0,—,136178
14042000,棉短绒,4671524,千克,0,—,1598551
14049010,主要供染料、鞣料用的...,1506599,千克,0,—,2082338
14049090,其他品目未列名的植物...,29202550,千克,0,—,6331220
15011000,猪油,15,千克,0,—,96
15012000,"其他猪脂肪,但品目0...",184000,千克,0,—,106800
15021000,牛、羊油脂,6005514,千克,0,—,4157316
15029000,其他牛、羊脂肪,839205,千克,0,—,1283618
15041000,鱼肝油及其分离品,34503,千克,0,—,1320128
15042000,除鱼肝油以外的鱼油、...,4651507,千克,0,—,17806470
15043000,海生哺乳动物的油、脂...,300,千克,0,—,28394
15060000,其他动物油、脂及其分...,522,千克,0,—,62514
15071000,初榨的豆油,135450589,千克,0,—,112894503
15079000,其他豆油及其分离品,2663028,千克,0,—,2442461
15081000,初榨的花生油,26412696,千克,0,—,38386766
15089000,其他花生油及其分离品,5517,千克,0,—,14123
15091000,初榨的油橄榄油,3194775,千克,0,—,11211361
15099000,其他油橄榄油及其分离...,1303542,千克,0,—,2843704
15100000,其他橄榄油及其分离品...,1231218,千克,0,—,2487026
15111000,初榨的棕榈油,7670274,千克,0,—,4387848
15119010,棕榈液油（熔点19℃...,455259175,千克,0,—,253680643
15119020,棕榈硬脂（熔点44℃...,125898822,千克,0,—,73269371
15119090,其他棕榈油及其分离品,4702294,千克,0,—,3568619
15121100,初榨的葵花油或红花油,198312244,千克,0,—,152335765
15121900,其他葵花油或红花油及...,5308680,千克,0,—,5345547
15122900,其他棉子油及其分离品,114,千克,0,—,1862
15131100,初榨的椰子油,502184,千克,0,—,820977
15131900,其他椰子油及其分离品,11036815,千克,0,—,10673048
15132100,初榨的棕榈仁油或巴巴...,6355888,千克,0,—,4280291
15132900,其他棕榈仁油或巴巴苏...,45515888,千克,0,—,32960198
15141100,初榨的低芥子酸菜子油,166316872,千克,0,—,137971228
15141900,其他低芥子酸菜子油及...,6978788,千克,0,—,6535575
15149110,初榨的菜子油,179767,千克,0,—,244357
15149190,初榨的芥子油,71670,千克,0,—,120479
15149900,其他菜子油或芥子油及...,239840,千克,0,—,357346
15151100,初榨的亚麻子油,6216299,千克,0,—,5795372
15151900,其他亚麻子油及其分离...,799921,千克,0,—,757656
15152100,初榨的玉米油,21066,千克,0,—,30772
15152900,其他玉米油及其分离品,21463,千克,0,—,32600
15153000,蓖麻油及其分离品,32640038,千克,0,—,38971489
15155000,芝麻油及其分离品,76477,千克,0,—,300099
15159010,希蒙得木油及其分离品,43767,千克,0,—,590742
15159090,未列名固定植物油、脂...,885815,千克,0,—,14466723
15161000,氢化酯化或反油酸化的...,2793,千克,0,—,68697
15162000,氢化酯化或反油酸化的...,13366790,千克,0,—,15055885
15171000,人造黄油，液态的除外,1356561,千克,0,—,1298464
15179010,起酥油,47949222,千克,0,—,33041841
15179090,其他本章动植物油脂及...,2173869,千克,0,—,7149498
15180000,化学改性动植物油脂等...,3708946,千克,0,—,4219918
15200000,粗甘油；甘油水及甘油...,72772676,千克,0,—,20497756
15211000,植物蜡,523913,千克,0,—,2339698
15219010,蜂蜡,29438,千克,0,—,234685
16010010,用天然肠衣做外包装的...,559,千克,0,—,9770
16010020,其他肉、食用杂碎或动...,24527,千克,0,—,175721
16010030,用香肠制成的食品,102,千克,0,—,1004
16021000,均化食品,710,千克,0,—,10032
16023210,鸡罐头,8590,千克,0,—,41907
16023299,其他制作或保藏的鸡肉...,43,千克,0,—,42
16024200,制作或保藏的猪前腿及...,151,千克,0,—,1125
16024910,猪肉及杂碎罐头,139814,千克,0,—,616147
16024990,未列名制作或保藏的猪...,4266,千克,0,—,38020
16025010,牛肉及杂碎罐头,32478,千克,0,—,148527
16025090,未列名制作或保藏的牛...,152,千克,0,—,5355
16030000,肉、鱼、甲壳动物、软...,120,千克,0,—,1444
16041110,制作或保藏的大西洋鲑...,917,千克,0,—,10956
16041190,制作或保藏的其他鲑鱼...,575,千克,0,—,6937
16041200,制作或保藏的鲱鱼，整...,16,千克,0,—,82
16041300,制作或保藏的沙丁鱼、...,743223,千克,0,—,1320567
16041400,制作或保藏的金枪鱼、...,374379,千克,0,—,1851846
16041500,制作或保藏的鲭鱼，整...,2073,千克,0,—,6360
16041600,制作或保藏的鳀鱼，整...,53,千克,0,—,1549
16041700,制作或保藏的鳗鱼（鳗...,28556,千克,0,—,307062
16041990,未列名制作或保藏的鱼...,133556,千克,0,—,419915
16042019,其他绞碎制作或保藏的...,31154,千克,0,—,121321
16042099,其他绞碎制作或保藏的...,1934699,千克,0,—,10506049
16043100,鲟鱼子酱,11,千克,0,—,3080
16043200,鲟鱼子酱代用品,1495,千克,0,—,41236
16051000,制作或保藏的蟹,131302,千克,0,—,400130
16052900,其他制作或保藏的小虾...,142184,千克,0,—,1707098
16054011,制作或保藏的淡水小龙...,23450,千克,0,—,153558
16055100,制作或保藏的牡蛎（蚝...,8310,千克,0,—,170125
16055200,制作或保藏的扇贝，包...,68053,千克,0,—,391725
16055300,制作或保藏的贻贝,89138,千克,0,—,279996
16055400,制作或保藏的墨鱼及鱿...,806317,千克,0,—,2464712
16055500,制作或保藏的章鱼,764,千克,0,—,23437
16055610,制作或保藏的蛤,134,千克,0,—,1163
16055620,制作或保藏的鸟蛤及舟...,4014,千克,0,—,17111
16055700,制作或保藏的鲍鱼,5626,千克,0,—,308593
16055800,制作或保藏的蜗牛及螺...,182,千克,0,—,6577
16055900,其他制作或保藏的软体...,106546,千克,0,—,444264
16056100,制作或保藏的海参,68211,千克,0,—,2521125
17011400,"其他甘蔗糖, 未加香...",376349237,千克,0,—,126696567
17019100,加香料或着色剂的甘蔗...,44,千克,0,—,5876
17019910,砂糖,37452073,千克,0,—,16375354
17019990,未列名精制糖；化学纯...,71367,千克,0,—,138806
17021100,无水乳糖，重量计干燥...,10058235,千克,0,—,10583998
17021900,其他乳糖及乳糖浆,2131508,千克,0,—,3632069
17022000,槭糖及槭糖浆,14064,千克,0,—,146031
17023000,葡萄糖及葡萄糖浆，果...,118000,千克,0,—,216938
17024000,葡萄糖及糖浆，20％...,10253,千克,0,—,12698
17025000,化学纯果糖,396107,千克,0,—,381497
17026000,果糖及果糖浆，果糖＞...,566404,千克,0,—,724022
17029000,其他固体糖及未加香料...,67374088,千克,0,—,27755386
17041000,口香糖，不论是否裹糖,20089,千克,0,—,91532
17049000,不含可可的糖食（口香...,3883129,千克,0,—,19998946
18010000,整颗或破碎的可可豆，...,1558518,千克,0,—,3799220
18020000,可可荚、壳、皮及废料,50000,千克,0,—,6000
18031000,未脱脂可可膏,1598580,千克,0,—,8407403
18032000,全脱脂或部分脱脂可可...,355000,千克,0,—,190394
18040000,可可脂、可可油,1557217,千克,0,—,9388431
18050000,未加糖或其他甜物质的...,3827408,千克,0,—,9506450
18061000,含糖或其他甜物质的可...,573288,千克,0,—,932189
18062000,其他重量＞2kg的块...,1379092,千克,0,—,6498210
18063100,块状或条状含可可的夹...,440143,千克,0,—,2492970
18063200,块状或条状含可可的非...,482258,千克,0,—,3182157
18069000,未列名含可可的食品,1713742,千克,0,—,11408817
19011010,供婴幼儿食用的零售包...,27034041,千克,0,—,397910119
19011090,其他供婴幼儿食用的零...,896991,千克,0,—,11050165
19012000,供焙烘1905所列面...,2537921,千克,0,—,4586938
19019000,麦精；未列名的食品，...,7849653,千克,0,—,65097393
19021100,含蛋生面食，未包馅或...,64491,千克,0,—,97469
19021900,其他生面食，未包馅或...,6340496,千克,0,—,6510999
19022000,包馅面食，不论是否烹...,153025,千克,0,—,1273275
19023010,米粉干,149552,千克,0,—,157000
19023020,粉丝,8390,千克,0,—,42915
19023030,即食或快熟面条,9668285,千克,0,—,28893663
19023090,未列名面食,1126957,千克,0,—,2030658
19024000,古斯古斯面食,11580,千克,0,—,12458
19030000,珍粉及淀粉制成的珍粉...,1110816,千克,0,—,929381
19041000,谷物或谷物产品经膨化...,5091534,千克,0,—,21963547
19042000,未烘炒谷物片或其与烘...,2672781,千克,0,—,3133060
19049000,其他预煮或经其他方法...,105969,千克,0,—,225877
19051000,黑麦脆面包片,16,千克,0,—,257
19052000,姜饼及类似品,3030,千克,0,—,13566
19053100,甜饼干,3426604,千克,0,—,16772177
19053200,华夫饼干及圣餐饼,4691649,千克,0,—,13801024
19054000,面包干、吐司及类似的...,283315,千克,0,—,1171310
19059000,未列名面包、糕点、饼...,2949365,千克,0,—,16333465
20011000,用醋或醋酸制作或保藏...,285252,千克,0,—,290223
20019010,用醋或醋酸制作或保藏...,990,千克,0,—,2031
20019090,其他用醋制作蔬菜、果...,153965,千克,0,—,331835
20021010,番茄罐头,600470,千克,0,—,434355
20021090,其他非醋方法制作或保...,245,千克,0,—,1708
20029011,番茄酱罐头重量≤5k...,187378,千克,0,—,189068
20029090,其他非醋方法制作或保...,150818,千克,0,—,180769
20039010,其他蘑菇罐头,4,千克,0,—,1098
20039090,其他制作或保藏的蘑菇...,21691,千克,0,—,491074
20041000,非醋方法制作或保藏的...,10505020,千克,0,—,12072364
20049000,非醋方法制作或保藏的...,40900,千克,0,—,109963
20051000,均化蔬菜,24945,千克,0,—,211511
20052000,非醋方法制作或保藏的...,157035,千克,0,—,1378072
20054000,非醋方法制作或保藏的...,73534,千克,0,—,206296
20055119,其他脱荚豇豆及菜豆罐...,51713,千克,0,—,47553
20055199,其他制作或保藏的未冷...,3654,千克,0,—,18360
20055990,其他非醋方法制作的未...,1792,千克,0,—,16595
20057000,非醋方法制作或保藏的...,42939,千克,0,—,97725
20058000,非醋方法制作或保藏的...,231769,千克,0,—,231761
20059110,竹笋罐头,1260,千克,0,—,6609
20059190,其他制作或保藏的未冷...,4,千克,0,—,336
20059940,制作或保藏榨菜,6930,千克,0,—,20851
20059991,其他非醋制作的未冷冻...,164786,千克,0,—,198441
20059999,未列名非醋制作的未冷...,65361,千克,0,—,334198
20060010,蜜枣,598,千克,0,—,2033
20060020,糖渍橄榄,163,千克,0,—,114
20060090,其他糖渍蔬菜、水果、...,2311296,千克,0,—,7354944
20071000,均化食品,270110,千克,0,—,1836919
20079100,柑桔属水果制果酱、果...,20611,千克,0,—,97367
20079910,非柑桔属水果制果酱、...,301482,千克,0,—,1143235
20079990,其他非柑桔属水果制果...,1715921,千克,0,—,4998957
20081110,花生米罐头,0,千克,0,—,14
20081120,烘焙花生,21759,千克,0,—,130273
20081130,花生酱,68230,千克,0,—,381017
20081190,未列名制作或保藏的花...,413204,千克,0,—,360518
20081910,核桃仁罐头,3,千克,0,—,121
20081920,其他果仁罐头,5723,千克,0,—,15151
20081991,其他制作或保藏的栗仁,7134,千克,0,—,34890
20081992,其他制作或保藏的芝麻,15411,千克,0,—,170776
20081999,未列名制作或保藏的坚...,2296601,千克,0,—,20423296
20082010,菠萝罐头,1378091,千克,0,—,1904694
20082090,未列名制作或保藏的菠...,37355,千克,0,—,48870
20083010,柑桔属水果罐头,284578,千克,0,—,751895
20083090,未列名制作或保藏的柑...,4656195,千克,0,—,4581898
20084090,未列名制作或保藏的梨,426,千克,0,—,1783
20085000,其他制作或保藏的杏,937,千克,0,—,4834
20086010,樱桃罐头,3011,千克,0,—,19316
20086090,其他制作或保藏的樱桃,7560,千克,0,—,112462
20087010,桃罐头,304554,千克,0,—,409584
20087090,未列名制作或保藏的桃,6380,千克,0,—,11366
20088000,其他制作或保藏的草莓,732764,千克,0,—,1418817
20089300,其他制作或保藏的蔓越...,1835579,千克,0,—,6646092
20089700,其他制作或保藏的什锦...,458555,千克,0,—,690052
20089931,调味紫菜,275757,千克,0,—,8598286
20089933,盐腌裙带菜,136320,千克,0,—,13674
20089934,烤紫菜,8062,千克,0,—,182921
20089939,未列名制作或保藏的海...,127,千克,0,—,4931
20089990,未列名制作或保藏水果...,2410915,千克,0,—,5514764
20091100,冷冻橙汁,5180165,千克,0,—,6492301
20091200,非冷冻橙汁，白利糖度...,1344358,千克,0,—,893137
20091900,其他橙汁,30467,千克,0,—,17090
20092100,葡萄柚（包括柚）汁，...,132362,千克,0,—,204863
20092900,其他葡萄柚（包括柚）...,380603,千克,0,—,966307
20093110,柠檬汁，白利糖度值不...,313279,千克,0,—,634287
20093190,其他未混合柑桔属水果...,146926,千克,0,—,227971
20093910,其他柠檬汁,556651,千克,0,—,1371018
20094100,菠萝汁，白利糖度值≤...,886567,千克,0,—,515193
20094900,其他菠萝汁,34155,千克,0,—,51320
20095000,番茄汁,48417,千克,0,—,39476
20096100,葡萄汁，白利糖度值≤...,437700,千克,0,—,507712
20096900,其他葡萄汁,1303778,千克,0,—,2431281
20097100,苹果汁，白利糖度值≤...,586402,千克,0,—,398171
20097900,其他苹果汁,24604,千克,0,—,13619
20098100,蔓越橘汁,90041,千克,0,—,284966
20098912,芒果汁,281457,千克,0,—,481935
20098913,西番莲果汁,1849754,千克,0,—,3732273
20098914,番石榴果汁,26118,千克,0,—,35242
20098915,梨汁,19920,千克,0,—,19735
20098919,其他未混合的水果汁,4985772,千克,0,—,8415346
20098920,未混合的蔬菜汁,77219,千克,0,—,281162
20099010,混合水果汁,1052923,千克,0,—,2872984
20099090,混合蔬菜汁；水果与蔬...,458287,千克,0,—,1199220
21011100,咖啡的浓缩精汁,547438,千克,0,—,6027495
21011200,以咖啡浓缩精汁或以咖...,3011578,千克,0,—,14503062
21012000,以茶、马黛茶及其浓缩...,211991,千克,0,—,2239283
21013000,烘焙菊苣和其他烘焙咖...,14552,千克,0,—,49246
21021000,活性酵母,119492,千克,0,—,705919
21022000,非活性酵母；已死的其...,10479,千克,0,—,254388
21023000,发酵粉,28359,千克,0,—,116923
21031000,酱油,676731,千克,0,—,1148913
21032000,番茄沙司及其他番茄调...,771482,千克,0,—,1707387
21033000,芥子粉及其调制品,112196,千克,0,—,287266
21039010,味精,248759,千克,0,—,896671
21039090,未列名调味汁及其制品...,6082942,千克,0,—,16446591
21041000,汤料及其制品,247157,千克,0,—,814381
21042000,均化混合食品,85534,千克,0,—,1136395
21050000,冰淇淋及其他冰制食品...,3157016,千克,0,—,12503500
21061000,浓缩蛋白质及人造蛋白...,166564,千克,0,—,1935364
21069010,制碳酸饮料的浓缩物,125,千克,0,—,10332
21069030,蜂王浆制剂,396,千克,0,—,19558
21069040,椰子汁,3946561,千克,0,—,6147581
21069050,海豹油胶囊,4263,千克,0,—,226156
21069090,未列名食品,23487583,千克,0,—,305427019
22011010,未加味、加糖或其他甜...,10749216,升,10754276,千克,7910712
22011020,未加味、加糖或其他甜...,3389746,升,3389336,千克,2091055
22019011,已包装未加味、加糖或...,3683,千升,3686947,千克,1343789
22019019,未包装未加味、加糖或...,0,千升,160,千克,3047
22019090,未列名未加味、加糖或...,218,千升,217451,千克,122542
22021000,加味、加糖或其他甜物...,17875412,升,18472979,千克,19666662
22029100,无醇啤酒,356753,升,360141,千克,350121
22029900,其他无酒精饮料,29453574,升,29939739,千克,54085279
22030000,麦芽酿造的啤酒,74116392,升,74884565,千克,86692857
22041000,葡萄汽酒,954384,升,945383,千克,5458916
22042100,装入≤2升的容器的鲜...,27603117,升,27487904,千克,132415446
22042200,装入2升以上但不超过...,290574,升,287625,千克,697611
22042900,装入10升以上容器的...,9390518,升,9302207,千克,6273082
22043000,品目2009以外的酿...,178,升,135,千克,2654
22051000,装入≤2升的容器的味...,326486,升,324664,千克,668451
22059000,装入＞2升的容器的味...,17280,升,17280,千克,16350
22060010,黄酒,621,升,621,千克,8651
22060090,其他发酵饮料（例如，...,1198362,升,1206197,千克,5212358
22071000,未改性乙醇，按容量计...,13949,升,12246,千克,149329
22072000,任何浓度的改性乙醇及...,7962,升,7529,千克,114962
22082000,蒸馏葡萄酒制得的烈性...,2960118,升,2856904,千克,68409782
22083000,威士忌酒,1147715,升,1083094,千克,16277435
22084000,朗姆酒及蒸馏已发酵甘...,347886,升,335896,千克,869086
22085000,杜松子酒,78734,升,74474,千克,294576
22086000,伏特加酒,535374,升,498377,千克,1242709
22087000,利口酒及柯迪尔酒,2786832,升,2625392,千克,8917980
22089010,龙舌兰酒,174278,升,169486,千克,763063
22089020,白酒,198984,升,198511,千克,14897574
22089090,浓度＜80％的未改性...,1118512,升,1065267,千克,2753213
22090000,醋及用醋酸制得的醋代...,368694,升,360992,千克,501194
23011011,含牛、羊成分的肉骨粉,11834845,千克,0,—,5865011
23011019,其他动物的肉骨粉,15943721,千克,0,—,12343473
23011020,油渣,123818,千克,0,—,46537
23012010,饲料用鱼粉,104075140,千克,0,—,152504966
23012090,其他非食用鱼、甲壳及...,1318820,千克,0,—,1071448
23021000,玉米的糠、麸及其他残...,1,千克,0,—,5
23023000,小麦的糠、麸及其他残...,23848974,千克,0,—,4588153
23024000,其他谷物的糠、麸及其...,22966871,千克,0,—,6320128
23031000,制造淀粉过程中的残渣...,5742847,千克,0,—,1046053
23032000,甜菜渣、甘蔗渣及制糖...,20879390,千克,0,—,4741142
23033000,酿造及蒸馏过程中的糟...,4596318,千克,0,—,1156024
23040090,提炼豆油所得的其他固...,7835765,千克,0,—,4279889
23050000,提炼花生油所得的油渣...,3500000,千克,0,—,1337503
23061000,棉子的油渣饼及其他固...,3642794,千克,0,—,819384
23063000,葵花子的油渣饺及其他...,288226479,千克,0,—,74828097
23064100,低芥子酸油菜子的油渣...,212430433,千克,0,—,64465603
23064900,其他油菜子的油渣饼及...,250000,千克,0,—,67703
23065000,椰子或干椰肉的油渣饼...,53190,千克,0,—,11117
23066000,油棕果或油棕仁的油渣...,31883778,千克,0,—,4532400
23069000,未列名植物油渣饼及其...,6181226,千克,0,—,1257746
23080000,动物饲料用未列名的植...,3358584,千克,0,—,1174680
23091010,零售包装狗食或猫食饲...,2400842,千克,0,—,12653398
23091090,其他零售包装的狗食或...,9791581,千克,0,—,53159031
23099010,制成的饲料添加剂,5274201,千克,0,—,18022639
23099090,未列名配制的动物饲料,12287677,千克,0,—,15891360
24011010,未去梗的烤烟,455000,千克,0,—,4247491
24011090,其他未去梗的烟草,12012,千克,0,—,88553
24012010,部分或全部去梗的烤烟,7959433,千克,0,—,74894503
24012090,其他部分或全部去梗的...,380515,千克,0,—,2125424
24021000,烟草制的雪茄烟,8792,千克,442,千支,1422095
24022000,烟草制的卷烟,1532364,千克,1388852,千支,23718809
24031900,其他供吸用的烟草，不...,487581,千克,0,—,2034316
24039900,其他烟草或烟草代用品...,7780,千克,0,—,47614
25010011,食用盐,1361483,千克,0,—,1508105
25010019,其他盐,190817731,千克,0,—,6452902
25010020,纯氯化钠,1000841,千克,0,—,4606186
25010030,海水,4277,千克,0,—,5030
25020000,未焙烧的黄铁矿,31980810,千克,0,—,7501374
25030000,各种硫磺，但升华、沉...,967027980,千克,0,—,68356249
25041010,磷片天然石墨,1901296,千克,0,—,826260
25041091,球化石墨,551,千克,0,—,6323
25041099,其他粉末或粉片天然石...,223013,千克,0,—,681142
25049000,天然石墨（粉末或粉片...,43400,千克,0,—,28363
25051000,硅砂及石英砂,222811332,千克,0,—,8988382
25059000,其他天然砂,508194621,千克,0,—,7706341
25061000,石英,15918391,千克,0,—,7375751
25062000,石英岩,1531411,千克,0,—,654411
25070010,高岭土,56446095,千克,0,—,11304461
25070090,高岭土的类似土（高岭...,3961395,千克,0,—,1394197
25081000,膨润土,14076677,千克,0,—,3890751
25083000,耐火黏土,421996,千克,0,—,149675
25084000,其他黏土,2006816,千克,0,—,1509598
25085000,红柱石、蓝晶石及硅线...,2460789,千克,0,—,1032079
25086000,富铝红柱石,340215,千克,0,—,243945
25090000,白垩,325250,千克,0,—,67514
25101010,未碾磨磷灰石,4,千克,0,—,262
25101090,其他未碾磨天然磷酸（...,220,千克,0,—,1580
25102090,其他已碾磨天然磷酸（...,26006,千克,0,—,5804
25111000,天然硫酸钡（重晶石）,12573055,千克,0,—,1164585
25120010,硅藻土,1224968,千克,0,—,947642
25120090,其他硅质化石粗粉及类...,28200,千克,0,—,53574
25131000,浮石,7076576,千克,0,—,752893
25132000,刚玉岩；天然刚玉砂；...,427575,千克,0,—,310819
25140000,板岩，不论是否粗加修...,25430,千克,0,—,7975
25151100,原状或粗加修整的大理...,25312581,千克,0,—,5842683
25151200,用锯或其他方法切割成...,421772223,千克,0,—,101080633
25152000,其他石灰质碑用或建筑...,12143521,千克,0,—,2140147
25161100,原状或粗加修整的花岗...,375728781,千克,0,—,52422774
25161200,仅用锯或其他方法切割...,37188620,千克,0,—,6971727
25162000,砂岩,27518690,千克,0,—,4421208
25169000,其他碑用或建筑用石,5822498,千克,0,—,1023034
25171000,通常作混凝土粒料、铺...,428728,千克,0,—,105834
25174100,大理石的碎粒、碎屑及...,42997679,千克,0,—,1283583
25174900,品目2515及251...,45074021,千克,0,—,618144
25181000,未煅烧或烧结白云石,25801745,千克,0,—,6689103
25182000,已煅烧或烧结白云石,263000,千克,0,—,39164
25183000,夯混白云石,0,千克,0,—,1609
25191000,天然碳酸镁（菱镁矿）,966613,千克,0,—,123026
25199010,熔凝镁氧矿,330000,千克,0,—,422028
25199020,烧结镁氧矿（重烧镁）,126935,千克,0,—,95569
25199030,碱烧镁（轻烧镁）,261840,千克,0,—,326546
25199091,化学纯氧化镁,1116585,千克,0,—,3138825
25199099,其他氧化镁,652666,千克,0,—,721212
25201000,生石膏；硬石膏,63157194,千克,0,—,2975697
25202010,牙科用熟石膏,138430,千克,0,—,182583
25202090,其他熟石膏,17127929,千克,0,—,1441786
25210000,石灰石助熔剂；通常用...,412538865,千克,0,—,6138302
25221000,生石灰,19411,千克,0,—,36346
25222000,熟石灰,1982948,千克,0,—,511303
25231000,水泥熟料,4050890174,千克,0,—,151123405
25232100,白水泥，不论是否人工...,389129,千克,0,—,112123
25232900,其他硅酸盐水泥,330574818,千克,0,—,15455269
25233000,矾土水泥,1284713,千克,0,—,690241
25239000,其他水凝水泥,130,千克,0,—,1007
25249090,其他石棉,20460000,千克,0,—,5526582
25251000,原状云母及劈开的云母...,13580149,千克,0,—,5441186
25252000,云母粉,320708,千克,0,—,712316
25261020,未破碎及未研粉的滑石,434728,千克,0,—,78023
25262010,已破碎或已研粉的冻石,6,千克,0,—,133
25262020,已破碎或已研粉的滑石,3988931,千克,0,—,2717200
25280010,天然硼砂及其精矿(不...,985770,千克,0,—,169267
25280090,其他天然硼酸盐及其精...,15899300,千克,0,—,6747527
25291000,长石,2526821,千克,0,—,433751
25292100,按重量计氟化钙含量≤...,64124959,千克,0,—,6354758
25292200,按重量计氟化钙含量＞...,2725,千克,0,—,10223
25293000,白榴石；霞石及霞石正...,223845,千克,0,—,124298
25301020,未膨胀的蛭石、珍珠岩...,8649274,千克,0,—,1012843
25302000,硫镁矾矿及泻盐矿（天...,280130,千克,0,—,42020
25309010,矿物性药材,21262,千克,0,—,12599
25309020,稀土金属矿,3241600,千克,0,—,5038262
25309091,硅灰石,453101,千克,0,—,463228
25309099,未列名矿产品,117998399,千克,0,—,40691112
26011110,平均粒度＜0.8mm...,10391657154,千克,0,—,1133741312
26011120,平均粒度≥0.8mm...,67623195077,千克,0,—,6142188635
26011190,平均粒度≥6.3mm...,18061818964,千克,0,—,1804474186
26011200,已烧结的铁矿砂及其精...,5457786017,千克,0,—,666744464
26012000,焙烧黄铁矿,12,千克,0,—,277
26020000,锰矿砂及其精矿,2160378097,千克,0,—,387320698
26030000,铜矿砂及其精矿,1591739765,千克,0,—,2539551218
26040000,镍矿砂及其精矿,3504722132,千克,0,—,177376020
26050000,钴矿砂及其精矿,575975,千克,0,—,1098730
26060000,铝矿砂及其精矿,10457734028,千克,0,—,444956737
26070000,铅矿砂及其精矿,104320825,千克,0,—,137932426
26080000,锌矿砂及其精矿,213376395,千克,0,—,126236970
26090000,锡矿砂及其精矿,16432469,千克,0,—,51837892
26100000,铬矿砂及其精矿,791171003,千克,0,—,118945584
26110000,钨矿砂及其精矿,273960,千克,0,—,1581417
26122000,钍矿砂及其精矿,8395600,千克,0,—,4968016
26131000,已焙烧的钼矿砂及其精...,4042000,千克,0,—,45241133
26139000,其他钼矿砂及其精矿,5237222,千克,0,—,34657403
26140000,钛矿砂及其精矿,198141202,千克,0,—,37418605
26151000,锆矿砂及其精矿,124548950,千克,0,—,97092928
26159090,其他铌、钽、钒矿砂及...,596772,千克,0,—,13596716
26161000,银矿砂及其精矿,106403879,千克,0,—,173102983
26169000,其他贵金属矿砂及其精...,74848030,千克,0,—,187234882
26171090,其他锑矿砂及其精矿,3060323,千克,0,—,7349701
26179090,未列名矿砂及其精矿,948764,千克,0,—,687658
26219000,其他矿渣及矿灰，包括...,40000,千克,0,—,18400
27011100,无烟煤,509780523,千克,0,—,44289015
27011210,炼焦煤,6070875202,千克,0,—,707972121
27011290,其他烟煤,8379093722,千克,0,—,532402584
27011900,其他煤,3093438610,千克,0,—,139186580
27021000,褐煤，不论是否粉化，...,7041402811,千克,0,—,241786777
27030000,泥煤（包括肥料用泥煤...,28347171,千克,0,—,6121438
27040010,焦炭及半焦炭,219761256,千克,0,—,47929212
27060000,从煤、褐煤或泥煤蒸馏...,21400315,千克,0,—,4850083
27073000,粗二甲苯,127543461,千克,0,—,55455865
27074000,萘,2503208,千克,0,—,916463
27075000,其他芳烃混合物，根据...,1190242799,千克,0,—,451338485
27079910,酚,200570,千克,0,—,318157
27079990,其他蒸馏高温煤焦油所...,1415679783,千克,0,—,633387910
27081000,沥青,724224,千克,0,—,576703
27082000,沥青焦,8606560,千克,0,—,3644731
27090000,石油原油及从沥青矿物...,53171547781,千克,0,—,12554432927
27101210,车用汽油和航空汽油，...,36304619,千克,50390812,升,10374824
27101220,石脑油，不含有生物柴...,1081950186,千克,1498501008,升,325746648
27101230,橡胶溶剂油、油漆溶剂...,2633504,千克,3377163,升,2887253
27101291,壬烯，不含有生物柴油,5053033,千克,0,—,4853124
27101299,未列名轻油及其制品，...,59674418,千克,0,—,21440418
27101911,航空煤油，不含有生物...,372071520,千克,463601116,升,94901575
27101919,其他煤油馏分，不含有...,9925830,千克,12182032,升,5706093
27101922,5~7号燃料油，不含...,1523017100,千克,1545862356,升,428226350
27101923,"柴油,不含生物柴油",98799036,千克,116190816,升,30518427
27101929,其他燃料油，不含生物...,55201,千克,64916,升,33040
27101991,润滑油，不含有生物柴...,23632077,千克,26609700,升,50534246
27101992,润滑脂，不含有生物柴...,2381259,千克,2681275,升,11781233
27101993,润滑油基础油，不含有...,259065403,千克,291707641,升,135587796
27101994,液体石蜡和重质液体石...,13560761,千克,0,—,7872763
27101999,其他重油；以石油及从...,10250178,千克,10403930,升,12342527
27102000,石油及从沥青矿物提取...,40753,千克,44887,升,40849
27111100,液化天然气,5765808187,千克,0,—,1872772120
27111200,液化丙烷,1255417028,千克,0,—,487311355
27111390,其他液化丁烷,410078260,千克,0,—,157022016
27111400,液化乙烯、丙烯、丁烯...,37655620,千克,0,—,15249815
27111990,未列名液化石油气及其...,77099,千克,0,—,29818
27112100,天然气,2540154656,千克,0,—,765076535
27112900,气态石油气及其他烃类...,1946430,千克,0,—,754097
27121000,凡士林,534732,千克,0,—,1267558
27122000,石蜡，按重量计含油量...,2871694,千克,0,—,4528858
27129010,微晶石蜡,1902781,千克,0,—,2829659
27129090,其他石蜡、矿物蜡及合...,4916645,千克,0,—,5135446
27131110,未煅烧石油焦，含硫量...,234819525,千克,0,—,24704519
27131190,其他未煅烧石油焦,1055316645,千克,0,—,78803982
27131210,已煅烧石油焦，含硫量...,1256122,千克,0,—,1786556
27131290,其他已煅烧石油焦,2859360,千克,0,—,476677
27132000,石油沥青,526437281,千克,0,—,144402381
27149010,天然沥青（地沥青）,5219104,千克,0,—,1224298
27149020,乳化沥青,20980,千克,0,—,13313
27149090,沥青岩,132000,千克,0,—,17211
27150000,以天然沥青等为基本成...,1461872272,千克,0,—,358280566
27160000,电力,467788488,千瓦时,0,—,19338854
28011000,氯,38360,千克,0,—,376014
28012000,碘,773900,千克,0,—,26648649
28013010,氟,218,千克,0,—,37749
28013020,溴,4440780,千克,0,—,16226520
28020000,升华硫磺、沉淀硫磺；...,29002,千克,0,—,33240
28030000,碳（碳黑及其他编码未...,7294627,千克,0,—,20221711
28042100,氩,956,千克,535,立方米,13739
28042900,其他稀有气体,333939,千克,1791896,立方米,26716821
28043000,氮,3744,千克,1140,立方米,192532
28044000,氧,440,千克,306,立方米,77420
28045000,硼；碲,177266,千克,0,—,7706441
28046117,直径≥30cm经掺杂...,7190,千克,0,—,61150
28046119,7.5cm≤直径＜3...,41708,千克,0,—,3911317
28046190,其他含硅量≥99.9...,5063518,千克,0,—,47192879
28046900,其他硅,2127,千克,0,—,113018
28047090,其他磷,613,千克,0,—,277764
28048000,砷,533,千克,0,—,129736
28049090,其他硒,116101,千克,0,—,1290771
28051100,钠,0,千克,0,—,630
28051200,钙,100,千克,0,—,2598
28051910,锂,7815,千克,0,—,689663
28051990,其他碱金属及碱土金属,3,千克,0,—,2792
28053011,钕，未相混合或相互熔...,0,千克,0,—,253
28053012,镝，未相混合或相互熔...,0,千克,0,—,1273
28053013,铽，未相混合或相互熔...,0,千克,0,—,204
28053015,铈，未相互混合或相互...,0,千克,0,—,3159
28053019,其他稀土金属、钪，未...,107,千克,0,—,161532
28061000,氯化氢（盐酸）,561508,千克,0,—,2103155
28070000,硫酸；发烟硫酸,57070501,千克,0,—,3174538
28080000,硝酸；磺硝酸,9476880,千克,0,—,1338259
28091000,五氧化二磷,7223,千克,0,—,41944
28092019,其他磷酸及偏磷酸、焦...,1110430,千克,0,—,2427607
28092090,其他多磷酸,813,千克,0,—,7361
28100010,硼的氧化物,139472,千克,0,—,275508
28100020,硼酸,31813309,千克,0,—,17080286
28111110,电子级氢氟酸,965189,千克,0,—,2751571
28111190,其他氟化氢（氢氟酸）,14,千克,0,—,396
28111990,未列名无机酸,4676481,千克,0,—,10118482
28112100,二氧化碳,253063,千克,0,—,1508423
28112210,硅胶,593110,千克,0,—,2319871
28112290,其他二氧化硅,5768537,千克,0,—,13895811
28112900,未列名非金属无机氧化...,250870,千克,0,—,2406064
28121200,氧氯化磷,31,千克,0,—,44101
28121700,亚硫酰氯,397474,千克,0,—,407235
28121900,其他非金属氯化物及氯...,239544,千克,0,—,3990035
28129011,三氟化氮,141240,千克,0,—,2545361
28129019,其他氟化物及氟氧化物,17165,千克,0,—,2344282
28129090,未列名非金属卤化物及...,202,千克,0,—,50859
28139000,未列名非金属硫化物；...,1000,千克,0,—,96027
28141000,氨,130697737,千克,0,—,31123533
28142000,氨水,542270,千克,0,—,566009
28151100,固体氢氧化钠,518985,千克,0,—,321002
28151200,氢氧化钠水溶液,51122,千克,0,—,250549
28152000,氢氧化钾（苛性钾）,137048,千克,0,—,345233
28153000,过氧化钠及过氧化钾,59,千克,0,—,13438
28161000,氢氧化镁及过氧化镁,1437182,千克,0,—,1879044
28164000,锶或钡的氧化物、氢氧...,12003,千克,0,—,37076
28170010,氧化锌,707539,千克,0,—,1913917
28181010,棕刚玉,103980,千克,0,—,272399
28181090,其他人造刚玉，不论是...,224800,千克,0,—,708926
28182000,氧化铝，但人造刚玉除...,422571414,千克,0,—,121168815
28183000,氢氧化铝,3299644,千克,0,—,3688014
28191000,三氧化铬,277501,千克,0,—,718209
28199000,未列名铬的氧化物及氢...,109313,千克,0,—,518434
28201000,二氧化锰,150656,千克,0,—,102570
28209000,未列名锰的氧化物,518906,千克,0,—,1650400
28211000,铁的氧化物及氢氧化物,12681508,千克,0,—,6425278
28212000,土色料，按重量计三氧...,141500,千克,0,—,116540
28220010,四氧化三钴,7001,千克,0,—,224825
28220090,未列名钴的氧化物及氢...,25,千克,0,—,2937
28230000,钛的氧化物,909785,千克,0,—,3454428
28251010,水合肼,16521,千克,0,—,47249
28251020,硫酸羟胺,80550,千克,0,—,147694
28251090,未列名肼（联氨）、胲...,80925,千克,0,—,1059773
28252010,氢氧化锂,109250,千克,0,—,755535
28253010,五氧化二钒,779003,千克,0,—,8331848
28253090,未列名钒的氧化物及氢...,0,千克,0,—,109
28254000,镍的氧化物有氢氧化物,259205,千克,0,—,3583540
28255000,铜的氧化物及氢氧化物,807274,千克,0,—,4813024
28256000,锗的氧化物及二氧化锆,115298,千克,0,—,1927756
28257000,钼的氧化物及氢氧化物,100128,千克,0,—,1164468
28258000,锑的氧化物,75459,千克,0,—,581783
28259011,钨酸,4,千克,0,—,3164
28259012,三氧化钨,13053,千克,0,—,297517
28259019,未列名钨的氧化物及氢...,0,千克,0,—,27
28259021,三氧化二铋,140,千克,0,—,6377
28259031,二氧化锡,64616,千克,0,—,1155836
28259049,其他铌的氧化物及氢氧...,45,千克,0,—,6910
28259090,未列名无机碱、金属氧...,2486993,千克,0,—,3292606
28261210,无水氟化铝,19800,千克,0,—,132933
28261910,铵的氟化物,509310,千克,0,—,1154060
28261920,钠的氟化物,7,千克,0,—,2961
28261990,未列名氟化物,67325,千克,0,—,4699136
28263000,六氟铝酸钠（人造冰晶...,1151454,千克,0,—,278864
28269010,氟硅酸盐,50,千克,0,—,46535
28269020,六氟磷酸锂,0,千克,0,—,318
28269090,未列名氟铝酸盐及其他...,138433,千克,0,—,974751
28271010,肥料用氯化铵,138670,千克,0,—,4855
28271090,非肥料用氯化铵,38188,千克,0,—,151465
28272000,氯化钙,151327,千克,0,—,405680
28273100,氯化镁,77228,千克,0,—,130001
28273200,氯化铝,219977,千克,0,—,395090
28273500,氯化镍,5507,千克,0,—,40482
28273910,氯化锂,467,千克,0,—,13532
28273930,氯化钴,2,千克,0,—,594
28273990,未列名氯化物,159014,千克,0,—,1239435
28274910,锆的氯氧化物及氢氧基...,840,千克,0,—,69267
28274990,其他氯氧化物及氢氧基...,2528,千克,0,—,3621
28275100,溴化钠及溴化钾,2813346,千克,0,—,5617692
28275900,其他溴化物及溴氧化物,258378,千克,0,—,715568
28276000,碘化物及碘氧化物,120675,千克,0,—,3888004
28281000,商品次氯酸钙及其他钙...,19160,千克,0,—,46468
28289000,亚氯酸盐；次溴酸盐及...,12965,千克,0,—,2897364
28291100,氯酸钠,250001,千克,0,—,145057
28299000,其他高（氯，碘）酸盐...,3472,千克,0,—,148486
28301010,硫化钠,0,千克,0,—,62
28301090,钠的其他硫化物,0,千克,0,—,569
28309020,硫化锑,7110,千克,0,—,63460
28309090,未列名硫化物；多硫化...,342398,千克,0,—,2115458
28311010,钠的连二亚硫酸盐,22202,千克,0,—,42442
28311020,钠的次硫酸盐,105500,千克,0,—,494188
28319000,其他连二亚硫酸盐及次...,51300,千克,0,—,205529
28321000,钠的亚硫酸盐,114680,千克,0,—,202594
28322000,其他亚硫酸盐,6170,千克,0,—,41441
28323000,硫代硫酸盐,225,千克,0,—,4590
28331100,硫酸二钠,23312,千克,0,—,485378
28331900,钠的其他硫酸盐,60324,千克,0,—,39284
28332100,硫酸镁,62946,千克,0,—,215209
28332200,硫酸铝,8900,千克,0,—,14369
28332400,镍的硫酸盐,295563,千克,0,—,1104584
28332500,铜的硫酸盐,229781,千克,0,—,725455
28332700,硫酸钡,601598,千克,0,—,1055441
28332910,硫酸亚铁,820,千克,0,—,9094
28332920,铬的硫酸盐,2036,千克,0,—,4574
28332930,硫酸锌,3083,千克,0,—,28231
28332990,未列名硫酸盐,826675,千克,0,—,6079614
28333010,钾铝矾,51,千克,0,—,4376
28333090,其他矾,8,千克,0,—,506
28334000,过硫酸盐,56686,千克,0,—,129305
28341000,亚硝酸盐,26,千克,0,—,1360
28342190,非肥料用硝酸钾,51539,千克,0,—,144469
28342910,硝酸钴,8000,千克,0,—,76385
28342990,未列名硝酸盐,423329,千克,0,—,436350
28351000,次磷酸盐及亚磷酸盐,41375,千克,0,—,322176
28352200,磷酸一钠及磷酸二钠,30948,千克,0,—,509816
28352400,钾的磷酸盐,697854,千克,0,—,991933
28352520,食品级的正磷酸氢钙（...,1,千克,0,—,12
28352590,其他正磷酸氢钙（磷酸...,84885,千克,0,—,237886
28352600,其他磷酸钙,684251,千克,0,—,820232
28352910,磷酸三钠,51786,千克,0,—,64960
28352990,其他磷酸盐,213883,千克,0,—,761299
28353110,食品级的三磷酸钠（三...,92620,千克,0,—,158131
28353190,其他三磷酸钠（三聚磷...,9010,千克,0,—,54382
28353911,食品级的六偏磷酸钠,119457,千克,0,—,302780
28353919,其他六偏磷酸钠,1327,千克,0,—,5606
28353990,其他多磷酸盐,186197,千克,0,—,601347
28362000,碳酸钠（纯碱）,5130281,千克,0,—,777588
28363000,碳酸氢钠（小苏打）,6082328,千克,0,—,2811862
28364000,钾的碳酸盐,195983,千克,0,—,214624
28365000,碳酸钙,5821408,千克,0,—,1728032
28366000,碳酸钡,306769,千克,0,—,1623266
28369100,锂的碳酸盐,5567053,千克,0,—,29957215
28369200,锶的碳酸盐,2537601,千克,0,—,1579985
28369910,碳酸镁,91648,千克,0,—,331397
28369940,商品碳酸铵及其他铵的...,1083,千克,0,—,16398
28369990,未列名碳酸盐；过碳酸...,297194,千克,0,—,1185242
28371910,氰化钾,54000,千克,0,—,230580
28371990,未列名氰化物及氧氰化...,49500,千克,0,—,341550
28372000,氰络合物,4067,千克,0,—,194683
28391100,偏硅酸钠,1033,千克,0,—,10994
28391910,硅酸钠,23305,千克,0,—,60858
28391990,其他钠盐,17655,千克,0,—,71425
28399000,其他硅酸盐、商品碱金...,439949,千克,0,—,1074183
28401100,无水四硼酸钠,1384813,千克,0,—,1038899
28401900,其他四硼酸钠,61918649,千克,0,—,24874811
28402000,其他硼酸盐,187566,千克,0,—,541335
28403000,过硼酸盐,38,千克,0,—,505
28413000,重铬酸钠,1000000,千克,0,—,945000
28415000,其他铬酸盐及重铬酸盐...,78402,千克,0,—,741155
28416100,高锰酸钾,69,千克,0,—,1744
28416910,锰酸锂,15600,千克,0,—,180818
28416990,其他亚锰酸盐、锰酸盐...,1,千克,0,—,2296
28417010,钼酸铵,87138,千克,0,—,774901
28417090,其他钼酸盐,160454,千克,0,—,693713
28418020,钨酸钠,112577,千克,0,—,1820060
28418030,钨酸钙,152006,千克,0,—,1651347
28418040,偏钨酸铵,0,千克,0,—,83
28418090,其他钨酸盐,202,千克,0,—,15468
28419000,其他金属酸盐及过金属...,1178046,千克,0,—,29229992
28421000,硅酸复盐及硅酸络盐,1045175,千克,0,—,2156500
28429011,硫氰酸钠,1,千克,0,—,195
28429019,其他雷酸盐、氰酸盐及...,8,千克,0,—,709
28429020,碲化镉,0,千克,0,—,63
28429030,锂镍钴锰氧化物,2276605,千克,0,—,50140063
28429040,磷酸铁锂,15297,千克,0,—,412407
28429050,硒酸盐及亚硒酸盐,102,千克,0,—,23109
28429060,锂镍钴铝氧化物,365401,千克,0,—,9504024
28429090,未列名无机酸盐及过氧...,618326,千克,0,—,4291124
28431000,胶态贵金属,1326528,克,0,—,356829
28432100,硝酸银,192450,克,0,—,10206
28432900,其他银化合物,4516387,克,0,—,946331
28433000,金化合物,220156,克,0,—,6394213
28439000,其他贵金属的无机及有...,1862048,克,0,—,21638795
28441000,天然铀及其化合物、合...,3929077879,克,85415287,百万贝可,347514465
28442000,U235浓缩铀、钚及...,1,克,1,百万贝可,2055
28444020,钴及钴盐,2079,克,129619,百万贝可,120573
28444090,未列名放射性元素、同...,149960,克,1100477096,百万贝可,7868613
28451000,重水（氧化氘）,2757773,克,0,—,817980
28459000,品目2844以外的其...,528179,克,0,—,5068063
28461010,氧化铈,628,千克,0,—,47197
28461090,其他铈的化合物,18310,千克,0,—,255893
28469011,氧化钇,5271,千克,0,—,452322
28469012,氧化镧,55,千克,0,—,25607
28469013,氧化钕,40000,千克,0,—,1472014
28469015,氧化镝,2160,千克,0,—,567000
28469017,氧化镨,0,千克,0,—,543
28469019,未列名氧化稀土,1567049,千克,0,—,29343659
28469021,氯化铽,0,千克,0,—,60
28469023,氯化镧,25,千克,0,—,2247
28469024,氯化钕,0,千克,0,—,42
28469026,氯化钇,1,千克,0,—,15755
28469028,混合氯化稀土,106584,千克,0,—,547398
28469029,其他氯化稀土,0,千克,0,—,4550
28469032,氟化镝,0,千克,0,—,47
28469033,氟化镧,1,千克,0,—,841
28469036,氟化钇,31,千克,0,—,7540
28469041,碳酸镧,1,千克,0,—,390
28469048,混合碳酸稀土,832600,千克,0,—,2789637
28469049,其他碳酸稀土,0,千克,0,—,19
28469091,镧的其他化合物,27,千克,0,—,11692
28469092,钕的其他化合物,0,千克,0,—,50
28469093,铽的其他化合物,0,千克,0,—,500
28469094,镝的其他化合物,0,千克,0,—,139
28469095,镨的其他化合物,109,千克,0,—,5200
28469096,钇的其他化合物,277,千克,0,—,270245
28469099,未列名稀土金属及其混...,894337,千克,0,—,4539026
28470000,过氧化氢，不论是否用...,2479329,千克,0,—,2291155
28492000,碳化硅,92635,千克,0,—,685756
28499010,碳化硼,420,千克,0,—,304283
28499020,碳化钨,9262,千克,0,—,196717
28499090,未列名碳化物,1703,千克,0,—,67986
28500012,氮化硼,6937,千克,0,—,756488
28500019,其他氮化物,31724,千克,0,—,1342447
28500090,氢化物、叠氮化物、硅...,239231,千克,0,—,7422693
28521000,已有化学定义的汞的无...,0,千克,0,—,349
28539010,饮用蒸馏水,16785,千克,0,—,3263
28539030,镍钴锰氢氧化物,103520,千克,0,—,1176956
28539040,磷化物，不论是否已有...,204,千克,0,—,656144
28539090,其他无机化合物；液态...,173991,千克,0,—,3524299
29011000,饱和无环烃,47157588,千克,0,—,21112769
29012100,乙烯,165192563,千克,0,—,89250608
29012200,丙烯,236813647,千克,0,—,171958077
29012310,1-丁烯,8,千克,0,—,10513
29012410,"1,3-丁二烯",77643400,千克,0,—,36433166
29012420,异戊二烯,7,千克,0,—,386
29012910,异戊烯,147900,千克,0,—,202523
29012920,乙炔,2297,千克,0,—,292513
29012990,未列名不饱和无环烃,8224503,千克,0,—,7960444
29021100,环己烷,187,千克,0,—,2266
29021910,蒎烯,276005,千克,0,—,648253
29021920,4-烷基-4'-烷基...,818,千克,0,—,947640
29021990,其他环烷烃；其他环烯...,2014469,千克,0,—,7837672
29022000,苯,324513826,千克,0,—,124430681
29023000,甲苯,69053512,千克,0,—,27930138
29024100,邻二甲苯,26394323,千克,0,—,11546245
29024200,间二甲苯,6021368,千克,0,—,4544037
29024300,对二甲苯,1295998228,千克,0,—,638318861
29024400,混合二甲苯异构体,2524,千克,0,—,558931
29025000,苯乙烯,318226596,千克,0,—,193344583
29026000,乙苯,4699857,千克,0,—,2162758
29027000,异丙基苯,17512939,千克,0,—,9550784
29029010,四氢萘,40000,千克,0,—,139787
29029020,精萘,510000,千克,0,—,239440
29029030,十二烷基苯,100001,千克,0,—,128260
29029090,未列名环烃,5054484,千克,0,—,10162896
29031100,一氯甲烷及氯乙烷,0,千克,0,—,17
29031200,二氯甲烷,76,千克,0,—,2731
29031500,1，2-二氯乙烷（I...,121702155,千克,0,—,19176449
29031990,未列名无环烃的饱和氯...,603741,千克,0,—,237902
29032100,氯乙烯,82723005,千克,0,—,36755795
29032300,四氯乙烯（全氯乙烯）,5543337,千克,0,—,2020778
29032990,其他无环烃的不饱和氯...,24426,千克,0,—,158084
29033990,其他无环烃的氟化、溴...,847191,千克,0,—,12338678
29037720,其他仅含氟和氯的甲烷...,0,千克,0,—,113
29037790,仅含氟和氯的其他无环...,20000,千克,0,—,234000
29037800,其他含有两种或两种以...,202210,千克,0,—,3319535
29037990,其他含有两种或两种以...,72030,千克,0,—,978920
29038900,其他环烷烃、环烯烃或...,394131,千克,0,—,1307394
29039110,邻二氯苯,34,千克,0,—,788
29039190,氯苯、对二氯苯,83,千克,0,—,2044
29039910,对氯甲苯,0,千克,0,—,17
29039990,其他芳烃卤化衍生物,1383200,千克,0,—,6859129
29041000,仅含磺基的衍生物及其...,910639,千克,0,—,2482854
29042010,硝基苯,8,千克,0,—,143
29042020,硝基甲苯,1004440,千克,0,—,918044
29042090,其他仅含硝基或亚硝基...,20118,千克,0,—,175840
29049900,其他烃的磺化、硝化或...,265207,千克,0,—,781477
29051100,甲醇,1274279016,千克,0,—,216577588
29051210,丙醇,1746643,千克,0,—,1447096
29051220,异丙醇,1348835,千克,0,—,2849335
29051300,正丁醇,29858519,千克,0,—,18045500
29051410,异丁醇,4297379,千克,0,—,2461761
29051420,仲丁醇,35,千克,0,—,2559
29051430,叔丁醇,6715146,千克,0,—,2548099
29051610,正辛醇,796630,千克,0,—,1425282
29051690,其他辛醇及其异构体,36063851,千克,0,—,26542181
29051700,十二醇、十六醇及十八...,3482446,千克,0,—,4118783
29051990,未列名饱和一元醇,19214914,千克,0,—,18811732
29052210,香叶醇、橙花醇（3，...,34609,千克,0,—,271436
29052220,香茅醇（3，7-二甲...,7766,千克,0,—,52350
29052230,芳樟醇,72607,千克,0,—,496560
29052290,其他无环萜烯醇,45331,千克,0,—,518749
29052900,其他不饱和一元醇,9598154,千克,0,—,8097091
29053100,1，2-乙二醇,1021771613,千克,0,—,421256488
29053200,丙二醇,9029269,千克,0,—,9560289
29053910,2，5-二甲基已二醇,190,千克,0,—,1634
29053990,未列名二元醇,21769517,千克,0,—,27514752
29054100,2-乙基-2（羟甲基...,446082,千克,0,—,677983
29054200,季戊四醇,718349,千克,0,—,1102411
29054300,甘露糖醇,53630,千克,0,—,413173
29054400,山梨醇,186440,千克,0,—,394759
29054500,丙三醇（甘油）,43825203,千克,0,—,25014312
29054910,木糖醇,1421,千克,0,—,15417
29054990,其他多元醇,66925,千克,0,—,302259
29055900,其他无环醇卤化、磺化...,41196,千克,0,—,333207
29061100,薄荷醇,1070468,千克,0,—,17601649
29061200,环己醇、甲基环己醇及...,100,千克,0,—,5052
29061310,固醇,15789,千克,0,—,337773
29061320,肌醇,4041,千克,0,—,121593
29061910,萜品醇,14693,千克,0,—,220980
29061990,其他环烷醇、环烯醇及...,190228,千克,0,—,1780951
29062100,苄醇,118766,千克,0,—,322719
29062910,2-苯基乙醇,11,千克,0,—,3302
29062990,其他芳香醇,145191,千克,0,—,937264
29071110,苯酚,69692729,千克,0,—,44691346
29071190,苯酚盐,200,千克,0,—,2173
29071211,间甲酚,374525,千克,0,—,1778741
29071212,邻甲酚,0,千克,0,—,131
29071219,其他甲酚,15310,千克,0,—,23388
29071310,壬基酚,277980,千克,0,—,335601
29071390,辛基酚及其异构体和盐...,421000,千克,0,—,550073
29071590,其他萘酚及萘酚盐,9,千克,0,—,1840
29071990,未列名一元酚,3462049,千克,0,—,8006552
29072100,间苯二酚,307205,千克,0,—,2103868
29072210,对苯二酚,924262,千克,0,—,4740502
29072290,对苯二酚盐,30,千克,0,—,1337
29072300,4，4’-异亚丙基联...,54035616,千克,0,—,56776740
29072910,邻苯二酚,1502056,千克,0,—,2585308
29072990,未列名多元酚；酚醇,428790,千克,0,—,3174225
29081910,对氯苯酚,0,千克,0,—,98
29081990,其他仅含卤素取代基的...,5002716,千克,0,—,18305698
29089910,对硝基酚、对硝基酚钠,3,千克,0,—,596
29089990,未列名酚及酚醇的卤、...,32086,千克,0,—,94252
29091100,乙醚,1,千克,0,—,68
29091990,其他无环醚及其卤、磺...,163342275,千克,0,—,59361058
29092000,环（烷、烯或萜烯）醚...,1934,千克,0,—,116622
29093090,其他芳香醚及其卤化、...,831592,千克,0,—,7472249
29094100,2，2-氧联二乙醇（...,80115351,千克,0,—,33164344
29094300,乙二醇或二甘醇的单丁...,12428009,千克,0,—,9683945
29094400,乙二醇或二甘醇的其他...,1807420,千克,0,—,2375953
29094910,间苯氧基苄醇,24938,千克,0,—,106943
29094990,未列名醚醇及其卤、磺...,8543474,千克,0,—,13526378
29095000,醚酚、醚醇酚及其卤、...,796775,千克,0,—,6157822
29096000,过氧化（醇、醚、酮）...,1198180,千克,0,—,3960506
29102000,甲基环氧乙烷（氧化丙...,21806494,千克,0,—,19772100
29103000,1-氯-2，3-环氧...,1027300,千克,0,—,1341340
29109000,其他三节环环氧化物、...,784952,千克,0,—,3343202
29110000,缩醛及半缩醛及其卤、...,76994,千克,0,—,503073
29121100,甲醛,28,千克,0,—,2302
29121200,乙醛,4,千克,0,—,4464
29121900,未列名不含其他含氧基...,1624061,千克,0,—,3455166
29122100,苯甲醛,58517,千克,0,—,118759
29122910,铃兰醛（对叔丁基-α...,61735,千克,0,—,438780
29122990,未列名不含其他含氧基...,480903,千克,0,—,2836571
29124100,香草醛（3-甲氧基-...,15466,千克,0,—,597025
29124200,乙基香草醛（3-乙氧...,11001,千克,0,—,279865
29124910,醛醇,6485,千克,0,—,114444
29124990,未列名醛醚、醛酚及含...,356721,千克,0,—,2712646
29125000,环聚醛,176001,千克,0,—,985653
29126000,多聚甲醛,2394198,千克,0,—,1529736
29130000,2912产品的卤化、...,783200,千克,0,—,1932739
29141100,丙酮,60074741,千克,0,—,45673042
29141200,丁酮（甲基乙基（甲）...,21592,千克,0,—,23494
29141300,4-甲基-2-戊酮（...,4531928,千克,0,—,3866444
29141900,未列名不含其他含氧基...,677240,千克,0,—,3299481
29142200,环己酮及甲基环己酮,15855,千克,0,—,110773
29142300,芷香酮及甲基芷香酮,241530,千克,0,—,2305218
29142910,樟脑,1537,千克,0,—,51579
29142990,未列名不含其他含氧基...,738267,千克,0,—,5537437
29143910,苯乙酮,129208,千克,0,—,355978
29143990,未列名不含其他含氧基...,12212,千克,0,—,160028
29144000,酮醇及酮醛,376691,千克,0,—,646359
29145019,其他酮酚,13663,千克,0,—,115472
29145020,2-羟基-4-甲氧基...,0,千克,0,—,1606
29145090,未列名含有其他含氧基...,202905,千克,0,—,1811011
29146100,蒽醌,205,千克,0,—,20363
29146200,辅酶Q10（癸烯醌（...,1032,千克,0,—,169291
29146900,未列名醌,172227,千克,0,—,1793586
29147900,其他酮及醌的卤化、磺...,27769,千克,0,—,811421
29151100,甲酸,1878,千克,0,—,46036
29151200,甲酸盐,519009,千克,0,—,493205
29151300,甲酸酯,356,千克,0,—,29129
29152111,食品级冰乙酸,4500,千克,0,—,2855
29152119,其他冰乙酸,11073680,千克,0,—,3110126
29152190,乙酸（冰乙酸除外）,5114893,千克,0,—,1343324
29152910,乙酸钠,2319,千克,0,—,41427
29152990,其他乙酸盐,54469,千克,0,—,243883
29153100,乙酸乙酯,1102,千克,0,—,39672
29153200,乙酸乙烯酯,14180245,千克,0,—,8433124
29153300,乙酸（正）丁酯,2720261,千克,0,—,2175012
29153900,未列名乙酸酯,2151503,千克,0,—,4164380
29154000,一氯代乙酸、二氯乙酸...,321196,千克,0,—,327149
29155010,丙酸,5016471,千克,0,—,3357120
29155090,丙酸盐和酯,92153,千克,0,—,177226
29156000,丁酸、戊酸及其盐和酯,2205889,千克,0,—,3467752
29157010,硬脂酸,265708,千克,0,—,343572
29157090,棕榈酸及其盐和酯、硬...,1065132,千克,0,—,1782632
29159000,其他饱和无环一元羧酸...,14251577,千克,0,—,21334705
29161100,丙烯酸及其盐,7505759,千克,0,—,5080981
29161210,丙烯酸甲酯,89612,千克,0,—,98233
29161220,丙烯酸乙酯,20000,千克,0,—,23600
29161230,丙烯酸丁酯,6163571,千克,0,—,5437245
29161240,丙烯酸异辛酯,2033968,千克,0,—,2822119
29161290,其他丙烯酸酯,1089695,千克,0,—,4476579
29161300,甲基丙烯酸及其盐,1991147,千克,0,—,3017069
29161400,甲基丙烯酸酯,34149062,千克,0,—,42776266
29161500,油酸、亚油酸或亚麻酸...,159650,千克,0,—,557858
29161900,其他不饱和无环一元羧...,400733,千克,0,—,1460567
29162090,其他环烷（烯，萜烯）...,276818,千克,0,—,2944036
29163100,苯甲酸及其盐和酯,181864,千克,0,—,562948
29163200,过氧化苯甲酰及苯甲酰...,37440,千克,0,—,93628
29163400,苯乙酸及其盐,35,千克,0,—,2412
29163910,邻甲基苯甲酸,200,千克,0,—,2465
29163920,布洛芬,7042,千克,0,—,116713
29163990,未列名芳香一元羧酸及...,77684,千克,0,—,665209
29171110,草酸,5455,千克,0,—,155855
29171190,其他草酸盐和酯,54620,千克,0,—,292701
29171200,己二酸及其盐和酯,860490,千克,0,—,1831981
29171310,癸二酸及其盐和酯,22966,千克,0,—,165336
29171390,壬二酸及其盐和酯,35480,千克,0,—,173343
29171400,马来酐,29001,千克,0,—,36836
29171900,其他无环多元羧酸及其...,370255,千克,0,—,2312062
29172010,四氢苯酐,406804,千克,0,—,787152
29172090,其他环烷（烯，萜烯）...,772154,千克,0,—,1654497
29173200,邻苯二甲酸二辛酯,4533499,千克,0,—,3817157
29173300,邻苯二甲酸二壬酯及邻...,5740683,千克,0,—,4755240
29173410,邻苯二甲酸二丁酯,0,千克,0,—,108
29173490,其他邻苯二甲酸酯,215438,千克,0,—,704880
29173500,邻苯二甲酸酐,14383401,千克,0,—,8127950
29173611,精对苯二甲酸,66717640,千克,0,—,27036409
29173619,其他对苯二甲酸,8728283,千克,0,—,3428117
29173690,对苯二甲酸盐,4,千克,0,—,24
29173700,对苯二甲酸二甲酯,2836440,千克,0,—,1856083
29173910,间苯二甲酸,34497400,千克,0,—,23595496
29173990,其他芳香多元羧酸及其...,15683263,千克,0,—,14424015
29181100,乳酸及其盐和酯,1420393,千克,0,—,2327196
29181200,酒石酸,27651,千克,0,—,178255
29181300,酒石酸盐及酒石酸酯,29434,千克,0,—,89509
29181400,柠檬酸,95384,千克,0,—,426361
29181500,柠檬酸盐及柠檬酸酯,183595,千克,0,—,1047743
29181600,葡糖酸及其盐和酯,70999,千克,0,—,199778
29181900,其他含醇基但不含其他...,755641,千克,0,—,3563591
29182110,水杨酸、水杨酸钠,10875,千克,0,—,97729
29182190,其他水杨酸盐,48000,千克,0,—,225600
29182210,邻乙酰水杨酸（阿斯匹...,41,千克,0,—,1016
29182290,邻乙酰水杨酸盐和酯,0,千克,0,—,730
29182300,水杨酸的其他酯及其盐,32661,千克,0,—,310582
29182900,其他含酚基羧酸等及其...,1705881,千克,0,—,6223626
29183000,含醛基或酮基的羧酸等...,837328,千克,0,—,7830255
29189900,其他含附加含氧基羧酸...,414975,千克,0,—,4364389
29199000,其他磷酸脂及盐和卤、...,344242,千克,0,—,2673686
29201900,其他硫代磷酸酯及盐和...,2153,千克,0,—,15335
29202910,其他亚磷酸酯,356110,千克,0,—,1651773
29202990,亚磷酸酯的盐，以及亚...,2560,千克,0,—,24483
29209000,未列名非金属无机酸酯...,3951252,千克,0,—,7240015
29211100,甲胺、二甲胺或三甲胺...,173,千克,0,—,6029
29211920,异丙胺,1,千克,0,—,78
29211990,未列名无环单胺及其衍...,683896,千克,0,—,5323716
29212110,乙二胺,4898977,千克,0,—,6763268
29212190,乙二胺盐,32958,千克,0,—,122923
29212210,己二酸己二胺盐（尼龙...,297500,千克,0,—,700175
29212290,六亚甲基二胺及其未列...,3311077,千克,0,—,7795738
29212900,其他无环多胺及其衍生...,3354568,千克,0,—,9456835
29213000,环（烷、烯、萜烯）单...,913114,千克,0,—,6053420
29214110,苯胺,1,千克,0,—,152
29214190,苯胺盐,18000,千克,0,—,56872
29214200,苯胺衍生物及其盐,801488,千克,0,—,2408163
29214300,甲苯胺及其衍生物以及...,700034,千克,0,—,1390007
29214400,二苯胺及其衍生物以及...,4054,千克,0,—,1032080
29214500,1-萘胺、2-萘胺及...,25105,千克,0,—,580888
29214910,对异丙基苯胺,45600,千克,0,—,228000
29214920,二甲基苯胺,32320,千克,0,—,64612
29214930,2，6-甲基乙基苯胺,166100,千克,0,—,369402
29214990,未列名芳香单胺及其衍...,413683,千克,0,—,23569599
29215110,邻苯二胺,25,千克,0,—,736
29215190,间-、对-苯二胺、二...,512958,千克,0,—,975360
29215900,其他芳香多胺及其衍生...,433771,千克,0,—,4709499
29221100,单乙醇胺及其盐,3248887,千克,0,—,2779966
29221200,二乙醇胺及其盐,13777370,千克,0,—,11066853
29221500,三乙醇胺,6177030,千克,0,—,4523298
29221921,二甲氨基乙醇及其质子...,1975725,千克,0,—,2384287
29221950,本芴醇,1000,千克,0,—,41000
29221990,未列名氨基醇及其醚和...,1132294,千克,0,—,10008924
29222100,氨基羟基萘磺酸及其盐,20080,千克,0,—,193197
29222910,茴香胺、二茴香胺、氨...,0,千克,0,—,20
29222990,其他氨基萘酚和其他氨...,99670,千克,0,—,1328997
29223100,安非拉酮、美沙酮和去...,0,千克,0,—,145
29223920,安非他酮及其盐,0,千克,0,—,442
29223990,其他氨基醛、氨基酮和...,10049,千克,0,—,118646
29224110,赖氨酸,25,千克,0,—,14638
29224190,赖氨酸酯及盐,80321,千克,0,—,194556
29224210,谷氨酸,120,千克,0,—,4180
29224220,谷氨酸钠,20390,千克,0,—,39448
29224290,其他谷氨酸盐,254,千克,0,—,2131
29224310,邻氨基苯甲酸（氨茴酸...,2,千克,0,—,42
29224390,邻氨基苯甲酸（氨茴酸...,25,千克,0,—,525
29224919,未列名氨基酸,1104720,千克,0,—,9345089
29224991,普鲁卡因,0,千克,0,—,15200
29224999,其他氨基酸酯及盐,359005,千克,0,—,1256218
29225010,对羟基苯酐氨酸及其邓...,3,千克,0,—,266
29225090,其他氨基醇酚、氨基酸...,67657,千克,0,—,5737167
29231000,胆碱及其盐,39252,千克,0,—,333924
29232000,卵磷脂及其他磷氨基类...,973720,千克,0,—,3840037
29239000,其他季铵盐及季铵碱,2568837,千克,0,—,5566955
29241200,氟乙酰胺（ISO）、...,0,千克,0,—,191
29241910,N，N－二甲基甲酰胺,18208,千克,0,—,78851
29241990,其他无环酰胺及其衍生...,940407,千克,0,—,4299099
29242100,酰脲及其衍生物以及它...,1463,千克,0,—,4579811
29242920,对乙酰氨基酚（扑热息...,51,千克,0,—,1273
29242930,阿斯巴甜,34740,千克,0,—,465757
29242990,未列名环酰胺及其衍生...,236148,千克,0,—,25132340
29251100,糖精及其盐,2500,千克,0,—,68720
29251900,其他酰亚胺及其衍生物...,140936,千克,0,—,1382666
29252900,其他亚胺及其衍生物以...,649296,千克,0,—,19372824
29261000,丙烯腈,45301906,千克,0,—,39907262
29262000,1-氰基胍（双氰胺）,55860,千克,0,—,217655
29264000,α苯基乙酰基乙腈,0,千克,0,—,7455
29269090,未列名腈基化合物,16323955,千克,0,—,42622856
29270000,重氮化合物、偶氮化合...,183268,千克,0,—,2726400
29280000,肼（联氨）及胲（羟胺...,114954,千克,0,—,1448903
29291010,2，4－和2，6－甲...,2684732,千克,0,—,2584966
29291020,二甲苯二异氰酸酯（T...,36459,千克,0,—,71076
29291030,二苯基甲烷二异氰酸酯...,14513438,千克,0,—,20429910
29291040,六亚甲基二异氰酸酯,62159,千克,0,—,292995
29291090,其他异氰酸酯,1554002,千克,0,—,11945725
29299010,环己基氨基磺酸钠（甜...,1200,千克,0,—,1803
29299090,未列名含氮基化合物,19932,千克,0,—,422036
29302000,硫代氨基甲酸酯或盐及...,53053,千克,0,—,262288
29303000,一或二或四硫化二烃氨...,1579,千克,0,—,17601
29304000,甲硫氨酸（蛋氨酸）,16336721,千克,0,—,39689511
29309010,双巯丙氨酸（胱氨酸）,1866,千克,0,—,101359
29309020,二硫代碳酸酯（或盐）...,0,千克,0,—,78
29309090,未列名有机硫化合物,6633959,千克,0,—,22455206
29313990,其他有机磷衍生物,142323,千克,0,—,934394
29319000,未列名有机无机化合物,1674286,千克,0,—,19852651
29321100,四氢呋喃,626999,千克,0,—,1412999
29321200,2-糠醛,2,千克,0,—,612
29321300,糠醇及四氢糠醇,837,千克,0,—,12148
29321400,三氯蔗糖,16227,千克,0,—,832510
29321900,其他结构上含有一个非...,41557,千克,0,—,594532
29322010,香豆素、甲基香豆素及...,200,千克,0,—,5189
29322090,其他内酯,498205,千克,0,—,3757794
29329910,7-羟基苯并呋喃（呋...,0,千克,0,—,55733
29329930,蒿甲醚,0,千克,0,—,1659
29329990,其他仅含有氧杂原子的...,162105,千克,0,—,12879615
29331100,二甲基苯基吡唑酮（安...,24,千克,0,—,31726
29331990,未列名结构上含有非稠...,40733,千克,0,—,1027209
29332100,乙内酰脲及其衍生物,15782,千克,0,—,125299
29332900,其他结构上含有非稠合...,142941,千克,0,—,5734924
29333100,吡啶及其盐,107300,千克,0,—,543904
29333210,哌啶,328688,千克,0,—,1303202
29333220,哌啶盐,54721,千克,0,—,124942
29333300,阿芬太尼，阿尼利定等...,0,千克,0,—,294
29333990,未列名结构上含有一个...,1592944,千克,0,—,82116011
29334900,其他结构上含有一个喹...,91984,千克,0,—,4302825
29335200,丙二酰脲（巴比土酸）...,0,千克,0,—,557
29335400,其他丙二酰脲的衍生物...,0,千克,0,—,61
29335910,胞嘧啶,0,千克,0,—,529
29335920,环丙氟哌酸,0,千克,0,—,220
29335990,其他结构上含有一个嘧...,636246,千克,0,—,17803857
29336100,三聚氰胺（蜜胺）,76595,千克,0,—,168168
29336910,三聚氰氯,1,千克,0,—,35
29336922,三氯异氰脲酸,27102,千克,0,—,44118
29336929,其他异氰脲酸氯化衍生...,15521,千克,0,—,68532
29336990,未列名结构上含有非稠...,1133016,千克,0,—,8403199
29337100,6-己内酰胺,23434842,千克,0,—,22501568
29337200,氯巴占（INN）和甲...,0,千克,0,—,1534
29337900,其他内酰胺,1155850,千克,0,—,9360437
29339900,未列名仅含有氮杂原子...,1174547,千克,0,—,192119523
29341090,其他结构上含有一个非...,37521,千克,0,—,2367455
29342000,含一个苯并噻唑环系未...,10467,千克,0,—,242767
29343000,含一个吩噻嗪环系的未...,193993,千克,0,—,1016026
29349910,磺内酯及磺内酰胺,24005,千克,0,—,187401
29349930,核酸及其盐,15152,千克,0,—,2347689
29349940,奈韦拉平、依发韦仑、...,1999,千克,0,—,402206
29349950,克拉维酸及其盐,0,千克,0,—,96
29349960,7-苯乙酰基-3-氯...,150954,千克,0,—,6929435
29349990,未列名杂环化合物,993190,千克,0,—,39742130
29355000,其他全氟辛基磺酰胺,0,千克,0,—,132
29359000,其他磺(酰)胺,171518,千克,0,—,51864019
29362100,未混合的维生素A及其...,122727,千克,0,—,6277556
29362200,未混合的维生素B1及...,15383,千克,0,—,578515
29362300,未混合的维生素B2及...,51641,千克,0,—,787186
29362400,未混合的D或DL-泛...,109918,千克,0,—,2021034
29362500,未混合的维生素B6及...,1622,千克,0,—,79051
29362600,未混合的维生素B12...,168,千克,0,—,5030820
29362700,未混合的维生素C及其...,6495,千克,0,—,346444
29362800,未混合的维生素E及其...,376838,千克,0,—,4875970
29362900,其他未混合的维生素及...,285717,千克,0,—,4124748
29369010,维生素AD3,10063,千克,0,—,1125227
29369090,天然或合成再制的维生...,21904,千克,0,—,1371585
29371210,重组人胰岛素及其盐,101,千克,0,—,18897220
29371290,其他胰岛素及其盐,395,千克,0,—,150741637
29371900,其他多肽等激素及其衍...,4,千克,0,—,146167
29372290,其他皮质甾类激素的卤...,65,千克,0,—,858478
29372390,其他雌（甾）激素和孕...,62,千克,0,—,330952
29372900,其他甾族激素及其衍生...,102,千克,0,—,415997
29375000,前列腺素、血栓烷等及...,43,千克,0,—,4812059
29379000,其他天然或合成再制的...,12,千克,0,—,38325
29389010,齐多夫定/拉米夫定/...,0,千克,0,—,54
29389090,其他苷及其盐、醚、酯...,477128,千克,0,—,8542157
29391100,罂粟杆浓缩物、丁丙诺...,110,千克,0,—,674145
29391900,其他鸦片碱及其衍生物...,1058,千克,0,—,260208
29392000,金鸡纳生物碱及其衍生...,2300,千克,0,—,236860
29396900,其他麦角生物碱及其衍...,305,千克,0,—,1096552
29397990,植物来源的其他天然或...,55,千克,0,—,452500
29400010,木糖,3000,千克,0,—,10400
29400090,其他化学纯糖，但蔗糖...,574831,千克,0,—,1452176
29411093,6氨基青霉烷酸（6A...,0,千克,0,—,8070
29411096,邻氯青霉素,6723,千克,0,—,179498
29411099,其他青霉素和有其结构...,24275,千克,0,—,667563
29413020,四环素衍生物及其盐,4387,千克,0,—,416890
29419010,庆大霉素及其衍生物以...,2,千克,0,—,13038
29419053,头孢唑啉及其盐,2750,千克,0,—,828909
29419055,头孢三嗪（头孢曲松）...,5209,千克,0,—,11747340
29419057,头孢噻肟及其盐,540,千克,0,—,124200
29419058,头孢克罗及其盐,8999,千克,0,—,2672575
29419059,其他头孢菌素及其衍生...,5830,千克,0,—,3164611
29419060,麦迪霉素及其衍生物以...,0,千克,0,—,643
29419090,未列名抗菌素,26802,千克,0,—,34669604
29420000,其他有机化合物,73761,千克,0,—,3509164
30012000,腺体、其他器官及其分...,32,千克,0,—,1536534
30019010,肝素及其盐,11825,千克,0,—,6423746
30019090,未列名供防治病用的人...,0,千克,0,—,82270
30021100,疟疾诊断试剂盒,1200,千克,0,—,37500
30021200,抗血清及其他血份,616488,千克,0,—,200349718
30021300,非混合的免疫制品，未...,216,千克,0,—,4204565
30021400,混合的免疫制品，未配...,1369,千克,0,—,4707488
30021500,免疫制品，已配定剂量...,271962,千克,0,—,557311459
30021900,其他血份及免疫制品,15998,千克,0,—,4360571
30022000,人用疫苗,112417,千克,0,—,219250005
30023000,兽用疫苗,150132,千克,0,—,30305551
30029030,细菌及病毒,69347,千克,4770769480687,株,15356706
30029040,遗传物质和基因修饰生...,6,千克,0,—,165702
30029090,人血；治病、防病或诊...,4561,千克,0,—,31837715
30032090,未列名含有抗菌素的药...,10800,千克,0,—,388989
30034900,其他含有生物碱及其衍...,18220,千克,0,—,1553030
30036010,含有青蒿素及其衍生物...,720,千克,0,—,243360
30039000,未列名两种或两种以上...,172014,千克,0,—,25178295
30041011,氨苄青霉素制剂,9341,千克,0,—,572963
30041012,羟氨苄青霉素制剂,17217,千克,0,—,968575
30041019,其他含有青霉素及具有...,60315,千克,0,—,8636657
30041090,含有链霉素及其衍生物...,1568,千克,0,—,176106
30042011,头孢噻肟制剂,5694,千克,0,—,433959
30042012,头孢他啶制剂,7257,千克,0,—,4403143
30042013,头孢西丁制剂,12,千克,0,—,3173
30042014,头孢替唑制剂,737,千克,0,—,443768
30042016,头孢呋辛制剂,237708,千克,0,—,12450664
30042017,头孢三嗪（头孢曲松）...,57985,千克,0,—,1829721
30042019,其他含有头孢菌素的药...,71403,千克,0,—,9509067
30042090,未列名含有抗菌素的药...,768413,千克,0,—,149027230
30043110,含有重组人胰岛素的药...,48565,千克,0,—,14918443
30043190,含有其他胰岛素的药品...,139554,千克,0,—,53109895
30043200,含有皮质甾类激素及其...,525877,千克,0,—,135066477
30043900,未列名含有激素或品目...,153185,千克,0,—,62951599
30044900,未列名含有其他生物碱...,311460,千克,0,—,32991506
30045000,其他含有维生素或品目...,816032,千克,0,—,12320416
30046010,含有青蒿素及其衍生物...,3,千克,0,—,4467
30049010,含有磺胺类的药品，已...,49633,千克,0,—,24721410
30049051,中药酒,98,千克,0,—,5598
30049054,清凉油,7614,千克,0,—,480093
30049059,其他中式成药,674241,千克,0,—,8395276
30049090,未列名混合或非混合产...,4048436,千克,0,—,1234139316
30051010,橡皮膏,6680,千克,0,—,141528
30051090,未列名胶粘敷料及其他...,256570,千克,0,—,10295788
30059010,药棉、纱布、绷带,35529,千克,0,—,761262
30059090,未列名软填料及类似物...,53415,千克,0,—,6298467
30061000,无菌外科肠线，昆布，...,30266,千克,0,—,18183448
30062000,血型试剂,28383,千克,0,—,4065493
30063000,X光检查造影剂；用于...,125072,千克,0,—,22272045
30064000,牙科粘固剂及其他牙科...,57675,千克,0,—,11192033
30065000,急救药箱、药包,11886,千克,0,—,564341
30066010,以激素为基本成分的避...,23775,千克,0,—,20665773
30067000,专用于人类或兽药的凝...,72328,千克,0,—,1455955
30069100,可确定用于造口术的用...,47045,千克,0,—,3304984
31021000,尿素，不论是否水溶液,56537,千克,0,—,70392
31022100,硫酸铵,2012,千克,0,—,7225
31025000,硝酸钠,6,千克,0,—,303
31026000,硝酸钙和硝酸铵的复盐...,635160,千克,0,—,192970
31029010,氰氨化钙,20400,千克,0,—,21974
31029090,其他矿物氮肥及化学氮...,397782,千克,0,—,640734
31039000,其他矿物磷肥及化学磷...,29,千克,0,—,298
31042020,纯氯化钾,12981502,千克,0,—,3149320
31042090,其他氯化钾,480908659,千克,0,—,107537950
31043000,硫酸钾,3598050,千克,0,—,1201426
31049010,光卤石、钾盐及其他天...,29185000,千克,0,—,4978842
31049090,其他矿物钾肥及化学钾...,898808,千克,0,—,307528
31051000,制成片状等或每包毛重...,1141028,千克,0,—,843876
31052000,含氮、磷、钾三种元素...,122791747,千克,0,—,58972569
31053000,磷酸氢二铵,150,千克,0,—,906
31054000,磷酸二氢铵及其与磷酸...,100,千克,0,—,531
31055900,其他含氮、磷两种元素...,104614,千克,0,—,130338
31056000,含磷、钾两种肥效元素...,197051,千克,0,—,332156
31059010,有机-无机复混肥料,227500,千克,0,—,153876
31059090,其他肥料,2045503,千克,0,—,1867534
32011000,坚木浸膏,195631,千克,0,—,342130
32012000,荆树皮浸膏,1299805,千克,0,—,2033220
32019010,其他植物鞣料浸膏,184800,千克,0,—,198075
32019090,鞣酸及其盐、醚、酯和...,143784,千克,0,—,311370
32021000,有机合成鞣料,4554248,千克,0,—,6970036
32029000,无机鞣料；鞣料制剂；...,2939883,千克,0,—,2972035
32030011,天然靛蓝及以其为基本...,2000,千克,0,—,2840
32030019,其他植物质着色料及以...,62492,千克,0,—,2100593
32030020,动物质着色料及以其为...,4616,千克,0,—,304701
32041100,分散染料及以其为基本...,294179,千克,0,—,4070383
32041200,酸性染料和媒染染料及...,738832,千克,0,—,6521773
32041300,碱性染料及以其为基本...,103386,千克,0,—,802631
32041400,直接染料及以其为基本...,371667,千克,0,—,1646250
32041510,合成靛蓝（还原靛蓝）,159086,千克,0,—,503846
32041590,其他瓮染染料及以其为...,58241,千克,0,—,2564542
32041600,活性染料及以其为基本...,910775,千克,0,—,7700737
32041700,颜料及以其为基本成分...,2229376,千克,0,—,25581155
32041911,硫化黑（硫化青）及以...,7462,千克,0,—,37250
32041919,其他硫化染料及以其为...,86948,千克,0,—,711167
32041990,未列名有机合成着色料...,276847,千克,0,—,5950607
32042000,用作荧光增白剂的有机...,65435,千克,0,—,433860
32049010,有机合成的生物染色剂...,5837,千克,0,—,4613389
32049020,有机合成的胡萝卜素及...,200,千克,0,—,5019
32049090,其他用作发光体的有机...,48789,千克,0,—,11828606
32050000,色淀；本章注释3所述...,44459,千克,0,—,1289240
32061110,钛白粉,13922817,千克,0,—,39635134
32061190,其他干物质计二氧化钛...,378522,千克,0,—,2336409
32061900,其他以二氧化钛为基本...,1286140,千克,0,—,7281027
32062000,以铬化合物为基本成分...,94137,千克,0,—,912288
32064100,群青及以其为基本成分...,340340,千克,0,—,1186008
32064210,锌钡白（立德粉）,10500,千克,0,—,32986
32064290,其他以硫化锌为基本成...,26480,千克,0,—,127330
32064911,以钒酸铋为基本成分的...,12678,千克,0,—,261018
32064919,其他以铋化合物为基本...,487,千克,0,—,16162
32064990,未列名着色料及其他制...,2530529,千克,0,—,15910375
32065000,用作发光体的无机产品,8517,千克,0,—,3666877
32071000,陶瓷、搪瓷及玻璃工业...,874998,千克,0,—,6475521
32072000,珐琅和釉料、釉底料（...,1898803,千克,0,—,5760997
32073000,光瓷釉及类似制品,1062,千克,0,—,132084
32074000,搪瓷玻璃料及其他玻璃...,972694,千克,0,—,5157823
32081000,以聚酯为基本成分的油...,1293336,千克,0,—,7988353
32082010,以丙烯酸聚合物为基本...,2051937,千克,0,—,12990740
32082020,以乙烯聚合物为基本成...,57276,千克,0,—,265408
32089010,聚氨酯化合物油漆及清...,835977,千克,0,—,5157037
32089090,未列名溶于非水介质聚...,5436115,千克,0,—,52265793
32091000,丙烯酸或乙烯聚合物油...,3857081,千克,0,—,10111351
32099010,以环氧树脂为基本成分...,1288340,千克,0,—,3411649
32099020,以氟树脂为基本成分的...,15580,千克,0,—,303137
32099090,以未列名聚合物为基本...,932255,千克,0,—,5037349
32100000,其他油漆及清漆；加工...,778034,千克,0,—,8654269
32110000,配制的催干剂,304909,千克,0,—,2704930
32121000,压印箔,121938,千克,0,—,5446298
32129000,制造油漆（含瓷漆）用...,570275,千克,0,—,8484701
32131000,成套的颜料,44153,千克,0,—,546155
32139000,其他颜料、调色料、文...,64212,千克,0,—,919748
32141010,封装半导体器件用树脂...,1084620,千克,0,—,21795463
32141090,其他安装玻璃用油灰、...,3119594,千克,0,—,19620498
32149000,非耐火涂面制剂，涂门...,488919,千克,0,—,1374127
32151100,黑色印刷油墨,179435,千克,0,—,5108113
32151900,其他印刷油墨,746206,千克,0,—,17431481
32159010,书写墨水,326826,千克,0,—,2299291
32159020,水性喷墨墨水,562647,千克,0,—,10799635
32159090,其他绘图墨水及其他墨...,470113,千克,0,—,4903577
33011200,橙油,208714,千克,0,—,2522724
33011300,柠檬油,66227,千克,0,—,1730385
33011910,白柠檬油（酸橙油）,7885,千克,0,—,422309
33011990,其他柑桔属果实精油,11303,千克,0,—,837597
33012400,胡椒薄荷油,35121,千克,0,—,2282804
33012500,其他薄荷油,124734,千克,0,—,3270193
33012910,樟脑油,15,千克,0,—,664
33012920,香茅油,10431,千克,0,—,201942
33012930,茴香油,227,千克,0,—,23999
33012940,桂油,31761,千克,0,—,559593
33012950,山苍子油,20,千克,0,—,1232
33012960,桉叶油,673,千克,0,—,60213
33012991,老鹳草油（香叶油）,611,千克,0,—,59076
33012999,未列名非柑桔属果实精...,128285,千克,0,—,8207435
33013010,鸢尾凝脂,13,千克,0,—,19737
33013090,其他香膏,615,千克,0,—,89635
33019010,提取的油树脂,31589,千克,0,—,744759
33019020,柑桔属果实的精油脱萜...,25870,千克,0,—,181200
33019090,含浓缩精油的制品；其...,132966,千克,0,—,920211
33021010,酒精浓度≤0.5%以...,366055,千克,0,—,14752319
33021090,其他食品饮料工业用混...,972556,千克,0,—,20209858
33029000,其他工业用混合香料及...,1093610,千克,0,—,21144303
33030000,香水及花露水,210032,千克,6611692,件,62221118
33041000,唇用化妆品,90397,千克,11205425,件,58364687
33042000,眼用化妆品,70900,千克,6696342,件,20822104
33043000,指（趾）甲化妆品,10440,千克,194349,件,353631
33049100,粉，不论是否压紧,102382,千克,4378190,件,28659453
33049900,其他美容品或化妆品及...,21346855,千克,382782621,件,1439749303
33051000,洗发剂（香波）,3450307,千克,0,—,29413480
33052000,烫发剂,49932,千克,0,—,563056
33053000,定型剂,77484,千克,0,—,1439878
33059000,其他护发品,1794075,千克,0,—,34903401
33061010,牙膏,2454910,千克,0,—,17847350
33061090,其他洁齿品,138659,千克,0,—,1582440
33062000,清洁牙缝用纱线（牙线...,55372,千克,0,—,1053579
33069010,漱口剂,1278209,千克,0,—,3749804
33069090,其他口腔清洁剂，包括...,19275,千克,0,—,1009499
33071000,剃须用制剂,53496,千克,0,—,425221
33072000,人体除臭剂及止汗剂,79108,千克,0,—,3421782
33073000,香浴盐及其他沐浴用制...,629399,千克,0,—,4598354
33074100,神香及其他室内通过燃...,78749,千克,0,—,399417
33074900,室内除臭制品,884587,千克,0,—,8187301
33079000,脱毛剂和未列名的芳香...,1080152,千克,0,—,17711207
34011100,盥洗用条块状肥皂及有...,986316,千克,0,—,4578683
34011910,洗衣皂（条状、块状或...,1160537,千克,0,—,2511865
34011990,未列名条块状肥皂及有...,436859,千克,0,—,1319391
34012000,其他形状的肥皂,3599156,千克,0,—,2766534
34013000,洁肤用有机表面活性产...,5363897,千克,0,—,40031295
34021100,阴离子型有机表面活性...,6767511,千克,0,—,15320931
34021200,阳离子型有机表面活性...,444213,千克,0,—,2365507
34021300,非离子型有机表面活性...,16387006,千克,0,—,39603013
34021900,其他有机表面活性剂,695759,千克,0,—,1644344
34022010,零售包装的合成洗涤粉,718862,千克,0,—,1437943
34022090,零售包装其他表面活性...,13942823,千克,0,—,39260729
34029000,其他表面活性剂制品、...,9481920,千克,0,—,39756071
34031100,矿物油＜70％的纺织...,5358928,千克,0,—,12322630
34031900,矿物油＜70％的润滑...,8637505,千克,0,—,43423057
34039100,不含矿物油的纺织材料...,12073029,千克,0,—,30498290
34039900,不含石油或从沥青矿物...,9600783,千克,0,—,64749978
34042000,聚氧乙烯（聚乙二醇）...,2229496,千克,0,—,4460151
34049000,其他人造蜡及调制蜡,19716901,千克,0,—,37290038
34051000,鞋靴或皮革用的上光剂...,64232,千克,0,—,427609
34052000,保养木制品用的上光剂...,138540,千克,0,—,837350
34053000,车身用的上光剂及类似...,272705,千克,0,—,1326744
34054000,擦洗膏、去污粉及类似...,103859,千克,0,—,457252
34059000,玻璃或金属用的光洁剂...,3952063,千克,0,—,27009164
34060000,各种蜡烛及类似品,142791,千克,0,—,1199756
34070010,成套、零售包装或制成...,84659,千克,0,—,2015387
34070020,以熟石膏为基本成分的...,65510,千克,0,—,716651
34070090,其他塑型用膏,225843,千克,0,—,943550
35011000,酪蛋白,377319,千克,0,—,3331250
35019000,酪蛋白酸盐及其他酪蛋...,1745136,千克,0,—,15677594
35021100,干的卵清蛋白,120,千克,0,—,39745
35022000,乳白蛋白，两种或两种...,4658048,千克,0,—,39108043
35029000,其他白蛋白、白蛋白盐...,1805,千克,0,—,664314
35030010,明胶及其衍生物,981143,千克,0,—,4941579
35030090,鱼胶；其他动物胶,215813,千克,0,—,157645
35040010,蛋白胨,33510,千克,0,—,2166300
35040090,蛋白胨衍生物；未列名...,1667276,千克,0,—,11163723
35051000,糊精及其他改性淀粉,51234579,千克,0,—,47459009
35052000,以淀粉、糊精或其他改...,12612,千克,0,—,23125
35061000,零售包装每件净重≤1...,495663,千克,0,—,33940542
35069110,以聚酰胺为基本成分的...,295882,千克,0,—,2827797
35069120,以环氧树脂为基本成分...,699297,千克,0,—,14885492
35069190,其他以橡胶或39章聚...,11684190,千克,0,—,116718778
35069900,未列名的调制胶及其他...,1507586,千克,0,—,12420154
35079010,碱性蛋白酶,337870,千克,0,—,1778070
35079020,碱性脂肪酶,30,千克,0,—,55738
35079090,未列名的酶；未列名的...,1660714,千克,0,—,28149412
36010000,发射药,15210,千克,0,—,481111
36030000,安全导火索；导爆索；...,25475,千克,0,—,2479285
36049000,信号弹、降雨火箭及其...,61,千克,0,—,50081
36061000,打火机液体燃料，容器...,58913,千克,0,—,390071
36069011,已切成形可直接使用的...,44,千克,0,—,3903
37011000,X光用摄影感光硬片及...,32321,千克,101357,平方米,1442719
37012000,一次成像软片,1944,千克,0,—,154367
37013021,激光照排片，任一边＞...,14503,千克,56353,平方米,283061
37013022,PS版，任一边＞25...,2728,千克,3858,平方米,179933
37013024,未曝光的CTP版，任...,9971,千克,7142,平方米,372416
37013025,柔性印刷版，任何一边...,87648,千克,39272,平方米,2169304
37013029,其他照相制版用硬片及...,162293,千克,111568,平方米,4028574
37013090,未列名硬片及软片，任...,165293,千克,581254,平方米,2858547
37019100,彩色摄影用硬片及平面...,18,千克,0,—,143
37019920,照相制版用其他硬片及...,9228,千克,669,平方米,7496743
37019990,未列名硬片及平面软片,2822,千克,10435,平方米,49794
37021000,X光用成卷的感光卷片,266207,千克,1003715,平方米,5766345
37023190,其他无齿孔彩色摄影用...,161,千克,391,平方米,37405
37023220,制版用涂卤化银无齿孔...,1402,千克,9532,平方米,66388
37023290,其他涂卤化银无齿孔卷...,0,千克,0,平方米,55
37023920,其他制版用无齿孔卷片...,0,千克,1,平方米,369
37023990,未列名无齿孔卷片，宽...,11,千克,21,平方米,3016
37024221,制印刷电路板光致抗蚀...,329203,千克,4082647,平方米,2974653
37024229,其他照相制版单色无孔...,407428,千克,2088321,平方米,7437632
37024292,未曝光红色或红外激光...,1410745,千克,5487128,平方米,28457311
37024329,其他照相制版无齿孔卷...,3907,千克,23022,平方米,115147
37024390,未列名无齿孔卷片，宽...,520,千克,2339,平方米,71922
37024421,激光照排片，105m...,48602,千克,188347,平方米,941831
37024422,制印刷电路板光致抗蚀...,37846,千克,576883,平方米,5433591
37024429,其他照相制版无齿孔卷...,206,千克,1243,平方米,7601
37024490,其他无齿孔卷片，10...,659,千克,1427,平方米,194941
37025200,未曝光的彩色摄影用卷...,7,千克,24,平方米,4141
37025300,幻灯片彩色卷片，16...,139,千克,351,平方米,35546
37025410,非幻灯用彩卷，宽35...,14161,千克,44427,平方米,1531474
37025520,彩色电影卷片，16m...,200,千克,528,平方米,12407
37025590,其他彩色卷片，16m...,92,千克,538,平方米,12451
37025690,其他彩色卷片，宽＞3...,2,千克,5,平方米,985
37029600,其他未曝光的卷片，宽...,0,千克,1,平方米,55
37029700,其他未曝光的卷片，宽...,177,千克,470,平方米,11240
37029800,其他未曝光的卷片，宽...,4,千克,7,平方米,126
37031010,成卷的摄影感光纸及纸...,67420,千克,0,—,296005
37032010,其他彩色摄影用感光纸...,7,千克,0,—,1255
37032090,其他彩色摄影用感光纺...,36,千克,0,—,4153
37039010,其他非彩色摄影用感光...,2,千克,0,—,4490
37039090,其他非彩色摄影用感光...,2,千克,0,—,168
37040090,其他已曝光未冲洗的摄...,58,千克,0,—,4643
37050029,其他已曝光已冲洗的缩...,3,千克,0,—,143
37050090,其他已曝光已冲洗的摄...,3581,千克,0,—,3360594
37071000,感光乳液,724317,千克,0,—,32081848
37079010,冲洗照相胶卷及相片用...,51404,千克,0,—,169050
37079020,复印机用化学制剂,754009,千克,0,—,11129536
37079090,未列名摄影用化学制剂...,3120255,千克,0,—,105242925
38011000,人造石墨,1994788,千克,0,—,12478297
38012000,胶态或半胶态石墨,26253,千克,0,—,212919
38013000,电极用碳糊及炉衬用的...,1027,千克,0,—,143294
38019010,表面处理的球化石墨,171250,千克,0,—,1278077
38019090,未列名以石墨或其他碳...,1090035,千克,0,—,11152829
38021010,木质活性碳,1057128,千克,0,—,3722250
38021090,其他活性碳,2504191,千克,0,—,7347590
38029000,活性天然矿产品；动物...,959933,千克,0,—,1964215
38030000,妥尔油，不论是否精炼,1148812,千克,0,—,1183458
38040000,木桨残余碱液,10152129,千克,0,—,4951182
38051000,脂松节油、木松节油和...,1324190,千克,0,—,2491971
38059010,以α萜品醇为基本成分...,264,千克,0,—,2090
38059090,其他萜烯油及粗制二聚...,50,千克,0,—,519
38061010,松香,6609271,千克,0,—,6475660
38062010,松香盐及树脂酸盐,16415,千克,0,—,140436
38063000,酯胶,779930,千克,0,—,1596221
38069000,其他松香和树脂酸衍生...,1506630,千克,0,—,2061639
38070000,木焦油；木杂酚油；粗...,1106082,千克,0,—,1057442
38086100,每包净重不超过300...,0,千克,0,—,20
38086900,每包净重超过7.5千...,114098,千克,0,—,1025687
38089111,零售包装蚊香,1,千克,0,—,75
38089119,其他零售包装的杀虫剂,149501,千克,0,—,5814892
38089190,非零售包装的杀虫剂,989211,千克,0,—,13546779
38089210,零售包装杀菌剂,30338,千克,0,—,85464
38089290,非零售包装的杀菌剂,2121434,千克,0,—,17100285
38089311,零售包装除草剂,418807,千克,0,—,1008478
38089319,非零售包装除草剂,82742,千克,0,—,2534898
38089400,消毒剂,4196184,千克,0,—,23594217
38089910,零售包装的本品目所列...,61978,千克,0,—,254789
38091000,纺织、造纸、制革等工...,5,千克,0,—,401
38099100,纺织等工业用的其他整...,4317743,千克,0,—,19331849
38099200,造纸等工业用的其他整...,4906710,千克,0,—,7964241
38099300,制革等工业用的其他整...,2855658,千克,0,—,8723227
38101000,金属表面酸洗剂；金属...,769608,千克,0,—,10178059
38109000,焊接辅助剂；作焊条芯...,1459483,千克,0,—,7483393
38111900,其他抗震剂,58344,千克,0,—,274607
38112100,含石油或从沥青矿物提...,25562711,千克,0,—,85555803
38112900,其他润滑油添加剂,2055674,千克,0,—,7368805
38119000,其他供矿物油等同样用...,1676298,千克,0,—,6775459
38121000,配制的橡胶促进剂,1687476,千克,0,—,6565305
38122000,橡胶或塑料用复合增塑...,2896398,千克,0,—,6654964
38123100,"2,2,4-三甲基-...",22926,千克,0,—,48181
38123910,其他橡胶防老剂,394557,千克,0,—,1449366
38123990,未列名橡胶或塑料用抗...,4580404,千克,0,—,25888313
38130010,灭火器的装配药,405101,千克,0,—,757623
38130020,已装药的灭火弹,3,千克,0,—,900
38140000,未列名的有机复合溶剂...,1826526,千克,0,—,8100938
38151100,以镍及其化合物为活性...,866366,千克,0,—,24334092
38151200,以贵金属及其化合物为...,518657,千克,0,—,93854829
38151900,其他载体催化剂,2254853,千克,0,—,40935777
38159000,未列名的反应引发剂、...,1893820,千克,0,—,23830730
38160000,耐火的水泥、灰泥、混...,3205907,千克,0,—,4027427
38170000,混合烷基苯及混合烷基...,2526343,千克,0,—,3536039
38180011,7.5cm≤直径≤1...,14831,千克,3128580,片,13024523
38180019,直径＞15.24cm...,318828,千克,23094656,片,147964972
38180090,其他经掺杂用于电子工...,276834,千克,0,—,23021538
38190000,闸用液压油等液压传动...,1861118,千克,0,—,5427860
38200000,防冻剂及解冻剂,998166,千克,0,—,2671077
38210000,制成的微生物或植物、...,1685365,千克,0,—,22385845
38220010,附于衬背上的诊断或实...,300695,千克,0,—,34205691
38220090,其他诊断或实验用试剂...,786470,千克,0,—,130230294
38231100,硬脂酸,19337177,千克,0,—,15408891
38231200,油酸,1679720,千克,0,—,1549325
38231300,妥尔油脂肪酸,643151,千克,0,—,847650
38231900,其他工业用单羧脂肪酸...,49349097,千克,0,—,29077900
38237000,工业用脂肪醇,43762203,千克,0,—,47326456
38241000,铸模及铸芯用粘合剂,210440,千克,0,—,999041
38243000,自身或与金属粘合剂混...,18138,千克,0,—,568092
38244010,高效减水剂,153902,千克,0,—,390464
38244090,其他水泥、灰泥及混凝...,2674098,千克,0,—,3963084
38245000,非耐火的灰泥及混凝土,3277415,千克,0,—,1040852
38246000,编码2905.440...,1350,千克,0,—,7742
38247100,含全氯氟烃（CFCs...,5,千克,0,—,1822
38247600,含1，1，1-三氯乙...,0,千克,0,—,869
38247800,含全氟烃（PFCs）...,66718,千克,0,—,614637
38247900,其他含甲烷、乙烷或丙...,38,千克,0,—,7082
38248100,含环氧乙烷（氧化乙烯...,202,千克,0,—,4530
38248200,含多氯联苯、多氯三联...,0,千克,0,—,380
38248700,含全氟辛基磺酸及其盐...,0,千克,0,—,69
38249100,主要由(5-乙基-2...,5148,千克,0,—,121324
38249910,杂醇油,283459,千克,0,—,536418
38249920,除墨剂、蜡纸改正液及...,30420,千克,0,—,487758
38249991,按重量计含滑石50%...,15492,千克,0,—,46101
38249992,按重量计含氧化镁70...,578,千克,0,—,38003
38249993,表面包覆钴化物的氢氧...,41104,千克,0,—,226894
38249999,未列名化学工业及其相...,146015523,千克,0,—,550992778
38260000,生物柴油及其混合物，...,3984583,千克,4545963,升,4115875
39011000,初级形状的聚乙烯，比...,318019213,千克,0,—,280371757
39012000,初级形状的聚乙烯，比...,859211952,千克,0,—,674273915
39013000,初级形状的乙烯-乙酸...,125468742,千克,0,—,141466006
39014010,初级形状的乙烯-丙烯...,2027945,千克,0,—,2404810
39014020,初级形状的线型低密度...,652982669,千克,0,—,514972247
39014090,其他初级形状的乙烯-...,56398845,千克,0,—,87866728
39019010,其他初级形状的乙烯-...,6880590,千克,0,—,5366197
39019090,未列名初级形状的乙烯...,86904098,千克,0,—,82717906
39021000,初级形状的聚丙烯,576252326,千克,0,—,531520777
39022000,初级形状的聚异丁烯,6575587,千克,0,—,9819632
39023010,初级形状的乙烯-丙烯...,218144123,千克,0,—,204778050
39023090,其他初级形状的丙烯共...,20738842,千克,0,—,23955358
39029000,其他初级形状的烯烃聚...,19644080,千克,0,—,52188251
39031100,初级形状的可发性聚苯...,3663915,千克,0,—,4705178
39031910,改性的初级形状的聚苯...,37731006,千克,0,—,38409162
39031990,其他初级形状的聚苯乙...,86686052,千克,0,—,80630708
39032000,初级形状的苯乙烯-丙...,29415783,千克,0,—,35489432
39033010,改性初级形状的丙烯腈...,29492056,千克,0,—,41496479
39033090,其他初级形状的丙烯腈...,166723428,千克,0,—,221274571
39039000,其他初级形状的苯乙烯...,57833776,千克,0,—,82801850
39041010,初级形状的糊树脂,9447736,千克,0,—,10202210
39041090,其他初级形状的聚氯乙...,172941117,千克,0,—,115439041
39042100,初级形状的未塑化聚氯...,1929165,千克,0,—,2407501
39042200,初级形状的已塑化聚氯...,9766339,千克,0,—,12703397
39043000,初级形状的氯乙烯-乙...,1817475,千克,0,—,3465599
39044000,其他初级形状的氯乙烯...,452128,千克,0,—,889764
39045000,初级形状的偏二氯乙烯...,1124746,千克,0,—,3014943
39046100,初级形状的聚四氟乙烯,728982,千克,0,—,7080803
39046900,其他初级形状的氟聚合...,1273803,千克,0,—,27542671
39049000,其他初级形状的氯乙烯...,1050303,千克,0,—,2769323
39051200,聚乙酸乙烯酯水分散体,400668,千克,0,—,544098
39051900,其他初级形状的聚乙酸...,100342,千克,0,—,251048
39052100,乙酸乙烯酯共聚物的水...,8821040,千克,0,—,7276009
39052900,其他初级形状的乙酸乙...,370829,千克,0,—,1209391
39053000,初级形状的聚乙烯醇,3449159,千克,0,—,8321110
39059100,其他初级形状的乙烯酯...,1271702,千克,0,—,5973234
39059900,未列名初级形状乙烯酯...,2456623,千克,0,—,10512225
39061000,初级形状的聚甲基丙烯...,21446480,千克,0,—,34093756
39069010,初级形状的聚丙烯酰胺,1325271,千克,0,—,3168260
39069090,其他初级形状的丙烯酸...,75674758,千克,0,—,163615714
39071010,初级形状的聚甲醛,24782049,千克,0,—,42331136
39071090,其他初级形状的聚缩醛,987121,千克,0,—,2255933
39072010,初级形状的聚四亚甲基...,3252025,千克,0,—,6565013
39072090,初级形状的其他聚醚,50739344,千克,0,—,104582884
39073000,初级形状的环氧树脂,36244607,千克,0,—,110705323
39074000,初级形状的聚碳酸酯,147221977,千克,0,—,303113281
39075000,初级形状的醇酸树脂,543451,千克,0,—,1299402
39076110,粘数≥78毫升/克的...,8350440,千克,0,—,9638548
39076190,其他初级形状的粘数≥...,3799181,千克,0,—,2611111
39076910,粘数＜78毫升/克的...,26754141,千克,0,—,21125468
39076990,其他初级形状的粘数＜...,3928926,千克,0,—,2904548
39077000,初级形状的聚乳酸,1809265,千克,0,—,5650799
39079100,初级形状的不饱和聚酯,2368776,千克,0,—,8401890
39079910,其他初级形状的聚对苯...,13183494,千克,0,—,28922451
39079991,初级形状的聚对苯二甲...,79415,千克,0,—,292454
39079999,未列名初级形状的聚酯,15949174,千克,0,—,69481787
39081011,聚酰胺-6，6的切片,17746223,千克,0,—,50561224
39081012,聚酰胺-6的切片,29645052,千克,0,—,41989268
39081019,聚酰胺-11、-12...,1235140,千克,0,—,8131875
39081090,其他初级形状聚酰胺-...,970196,千克,0,—,5109739
39089010,初级形状的芳香族聚酰...,69056,千克,0,—,629026
39089020,初级形状的半芳香族聚...,3268581,千克,0,—,20136144
39089090,未列名初级形状的聚酰...,4413048,千克,0,—,24200281
39091000,初级形状的尿素树脂和...,888963,千克,0,—,1660290
39092000,初级形状的蜜胺树脂,820765,千克,0,—,2454830
39093100,初级形状的聚（亚甲基...,26257846,千克,0,—,32943524
39093900,其他初级形状的氨基树...,397724,千克,0,—,2245065
39094000,初级形状的酚醛树脂,8514301,千克,0,—,26667595
39095000,初级形状的聚氨基甲酸...,13524701,千克,0,—,60645666
39100000,初级形状的聚硅氧烷,11214191,千克,0,—,71335142
39111000,初级形状的石油树脂、...,5785130,千克,0,—,11066232
39119000,初级形状多硫化物、聚...,10644940,千克,0,—,54706795
39121100,初级形状的未塑化醋酸...,4332961,千克,0,—,13485113
39121200,初级形状的已塑化醋酸...,61345,千克,0,—,384452
39123100,初级形状的羧甲基纤维...,368823,千克,0,—,2789353
39123900,初级形状的纤维素醚,1360547,千克,0,—,11587852
39129000,未列名初级形状的纤维...,2428513,千克,0,—,11846998
39131000,初级形状的藻酸及其盐...,9710,千克,0,—,396355
39139000,其他初级形状的天然聚...,664655,千克,0,—,17363970
39140000,以品目3901至39...,2446055,千克,0,—,21334125
39161000,乙烯聚合物单丝（截面...,52855,千克,0,—,1031589
39162010,氯乙烯聚合物制异型材,79655,千克,0,—,431208
39162090,其他氯乙烯聚合物单丝...,26712,千克,0,—,226452
39169010,聚酰胺制的单丝（截面...,1102502,千克,0,—,7351173
39169090,未列名塑料单丝（截面...,347113,千克,0,—,4972245
39171000,硬化蛋白或纤维素材料...,331096,千克,0,—,3679225
39172100,乙烯聚合物制硬管,240543,千克,0,—,1766189
39172200,丙烯聚合物制硬管,827580,千克,0,—,3338665
39172300,氯乙烯聚合物制硬管,401761,千克,0,—,1925979
39172900,其他塑料制硬管,397147,千克,0,—,10852373
39173100,塑料制的软管，最小爆...,377570,千克,0,—,8768021
39173200,塑料制的其他未装有附...,1374953,千克,0,—,23188619
39173300,塑料制的其他装有附件...,119860,千克,0,—,4264311
39173900,未列名塑料管,1266791,千克,0,—,13738626
39174000,塑料制的管子附件,856127,千克,0,—,26635972
39181010,氯乙烯聚合物制糊墙品,55440,千克,0,—,312151
39181090,氯乙烯聚合物制铺地制...,2483219,千克,0,—,5800348
39189010,其他塑料制糊墙品,359,千克,0,—,49266
39189090,其他塑料制铺地制品,346865,千克,0,—,2300420
39191010,宽≤20cm丙烯酸聚...,393247,千克,0,—,6804741
39191091,宽≤20cm的成卷胶...,18841,千克,0,—,354394
39191099,其他宽≤20cm成卷...,1124467,千克,0,—,32611415
39199010,胶囊型反光膜,17531,千克,0,—,245824
39199090,未列名塑料胶粘板、片...,8671516,千克,0,—,189812713
39201010,乙烯聚合物制电池隔膜,1035996,千克,0,—,58291387
39201090,其他乙烯聚合物非泡沫...,16782674,千克,0,—,59748206
39202010,丙烯聚合物制电池隔膜,109051,千克,0,—,3919997
39202090,其他丙烯聚合物非泡沫...,7049600,千克,0,—,31625287
39203000,苯乙烯聚合物非泡沫塑...,2906315,千克,0,—,11062923
39204300,增塑剂≥6％氯乙烯聚...,1193640,千克,0,—,5324927
39204900,其他氯乙烯聚合物制非...,1908303,千克,0,—,9347240
39205100,聚甲基丙烯酸甲酯非泡...,6030947,千克,0,—,24113912
39205900,其他丙烯酸聚合物非泡...,1091643,千克,0,—,8538369
39206100,聚碳酸酯非泡沫塑料板...,1114926,千克,0,—,11683675
39206200,聚对苯二甲酸乙二酯非...,27857299,千克,0,—,196312876
39206300,不饱和聚酯非泡沫塑料...,23014,千克,0,—,202739
39206900,其他聚酯非泡沫塑料的...,239347,千克,0,—,5022777
39207100,再生纤维素非泡沫塑料...,21039,千克,0,—,477304
39207300,醋酸纤维素非泡沫塑料...,1512385,千克,0,—,37048401
39207900,其他纤维素衍生物非泡...,23895,千克,0,—,2702308
39209100,聚乙烯醇缩丁醛非泡沫...,1847221,千克,0,—,7754285
39209200,聚酰胺制非泡沫塑料的...,964061,千克,0,—,6732719
39209300,氨基树脂非泡沫塑料板...,76996,千克,0,—,468011
39209400,酚醛树脂非泡沫塑料板...,51419,千克,0,—,275629
39209910,聚四氟乙烯制非泡沫板...,48274,千克,0,—,5487071
39209990,未列名非泡沫塑料板、...,4429544,千克,0,—,125340567
39211100,苯乙烯聚合物泡沫塑料...,29850,千克,0,—,419566
39211210,氯乙烯聚合物泡沫人造...,466929,千克,602858,米,4745568
39211290,其他氯乙烯聚合物泡沫...,651074,千克,0,—,5608437
39211310,氨酯聚合物泡沫人造革...,331315,千克,545747,米,5744809
39211390,其他氨酯聚合物泡沫塑...,2927226,千克,0,—,27277691
39211400,再生纤维素泡沫塑料板...,98415,千克,0,—,410075
39211910,其他泡沫塑料人造革及...,217589,千克,344949,米,3106662
39211990,未列名泡沫塑料板、片...,2264200,千克,0,—,42644435
39219020,嵌有玻璃纤维的聚乙烯...,32141,千克,0,—,1197499
39219030,附有人造毛毡的聚异丁...,332,千克,0,—,5202
39219090,未列名塑料板、片、膜...,5768399,千克,0,—,57896365
39221000,塑料浴缸、淋浴盘、洗...,131705,千克,0,—,1173118
39222000,塑料马桶座圈及盖,36278,千克,0,—,496066
39229000,塑料坐浴盆、便盆、抽...,88565,千克,0,—,1318163
39231000,供运输或包装货物用的...,6390865,千克,0,—,30783696
39232100,供运输或包装货物用的...,1754746,千克,0,—,10651500
39232900,供运输或包装货物用的...,295267,千克,0,—,4567535
39233000,供运输或包装货物用的...,586216,千克,0,—,6889446
39234000,塑料卷轴、纡子、筒管...,717290,千克,0,—,4897832
39235000,塑料塞子、盖子及类似...,1459196,千克,0,—,17682110
39239000,供运输或包装货物用的...,5179491,千克,0,—,25700533
39241000,塑料制餐具及厨房用具,904927,千克,0,—,9263983
39249000,塑料制其他家庭用具及...,1859327,千克,0,—,10303039
39251000,塑料制囤、柜、罐、桶...,18957,千克,0,—,136021
39252000,塑料制门、窗及其框架...,141691,千克,0,—,940316
39253000,塑料制窗板、百叶窗或...,78546,千克,0,—,601999
39259000,未列名的建筑用塑料制...,225953,千克,0,—,1756836
39261000,塑料制办公室或学校用...,140473,千克,0,—,1466733
39262011,聚氯乙烯制手套（分指...,41082,千克,1346444,双,636132
39262019,其他塑料制手套（分指...,6677,千克,1471766,双,161447
39262090,其他塑料制衣服及衣着...,59550,千克,0,—,2592241
39263000,塑料制家具、车厢或类...,176934,千克,0,—,3868858
39264000,塑料制小雕塑品及其他...,111206,千克,0,—,3652134
39269010,塑料制机器及仪器用零...,1603862,千克,0,—,82868802
39269090,未列名塑料制品,9556632,千克,0,—,206699371
40011000,天然橡胶乳，不论是否...,45466965,千克,0,—,46490233
40012100,烟胶片,8206287,千克,0,—,10712716
40012200,技术分类天然橡胶（T...,75418644,千克,0,—,92494102
40012900,其他形状的天然橡胶,2087960,千克,0,—,2183020
40013000,巴拉塔胶、古塔波胶、...,686,千克,0,—,42483
40021110,羧基丁苯橡胶胶乳,1224336,千克,0,—,2287231
40021190,丁苯橡胶胶乳,4921338,千克,0,—,7228939
40021911,未经任何加工的非溶聚...,2215233,千克,0,—,3399594
40021912,充油非溶聚丁苯橡胶,5023651,千克,0,—,4946836
40021913,初级形状热塑丁苯橡胶,3400508,千克,0,—,5340921
40021914,初级形状充油热塑丁苯...,1090054,千克,0,—,1877501
40021915,未经任何加工的溶聚丁...,454800,千克,0,—,748434
40021916,充油溶聚丁苯橡胶,1359922,千克,0,—,1719319
40021919,其他初级形状丁苯橡胶...,290113,千克,0,—,1062251
40021990,未列名丁苯橡胶及羧基...,24000235,千克,0,—,30628500
40022010,初级形状的丁二烯橡胶,7596211,千克,0,—,8432282
40022090,其他丁二烯橡胶,28536413,千克,0,—,27210949
40023110,初级形状的异丁烯-异...,737802,千克,0,—,1140906
40023190,其他异丁烯-异戊二烯...,4273583,千克,0,—,7392342
40023910,初级形状的卤代丁基橡...,484918,千克,0,—,1296504
40023990,其他卤代丁基橡胶,9177113,千克,0,—,19837553
40024100,氯丁二烯（氯丁）橡胶...,135270,千克,0,—,422629
40024910,其他初级形状的氯丁二...,771318,千克,0,—,3453940
40024990,未列名氯丁二烯（氯丁...,204801,千克,0,—,963476
40025100,丁腈橡胶胶乳,9308321,千克,0,—,8777912
40025910,其他初级形状的丁腈橡...,2981221,千克,0,—,5269240
40025990,未列名丁腈橡胶,5941662,千克,0,—,9321108
40026010,初级形状的异戊二烯橡...,534958,千克,0,—,1044993
40026090,其他异戊二烯橡胶,809157,千克,0,—,1702621
40027010,初级形状的乙丙非共轭...,10982027,千克,0,—,14425157
40027090,其他乙丙非共轭二烯橡...,8828151,千克,0,—,14290542
40028000,4001所列产品与本...,261176205,千克,0,—,332674756
40029100,未列名合成橡胶胶乳,169086,千克,0,—,389225
40029911,未列名初级形状的合成...,5739521,千克,0,—,20576936
40029919,未列名非初级形状的合...,519315,千克,0,—,3767432
40029990,从油类提取的油膏,28535,千克,0,—,220657
40030000,再生橡胶，初级形状或...,7979034,千克,0,—,5156132
40051000,与碳黑或硅石混合未硫...,4174570,千克,0,—,16694676
40052000,未硫化的复合橡胶溶液...,22828,千克,0,—,158525
40059100,其他未硫化的复合橡胶...,669096,千克,0,—,3100307
40059900,其他未硫化的初级形状...,445487,千克,0,—,3014579
40061000,轮胎翻新用胎面补料胎...,102,千克,0,—,196
40069010,其他形状（例如，杆、...,50544,千克,0,—,284750
40069020,未硫化橡胶制品,88610,千克,0,—,1132255
40070000,硫化橡胶线及绳,7401076,千克,0,—,17624804
40081100,硫化海绵橡胶制板、片...,437947,千克,0,—,4016430
40081900,硫化海绵橡胶制杆、型...,10462,千克,0,—,120119
40082100,硫化非海绵橡胶制板、...,1350317,千克,0,—,11196625
40082900,硫化非海绵橡胶制杆、...,105387,千克,0,—,1130134
40091100,未经加强或未与其他材...,390656,千克,0,—,8194011
40091200,未经加强或未与其他材...,111915,千克,0,—,3944710
40092100,用金属加强或只与金属...,1058092,千克,0,—,5787903
40092200,用金属加强或只与金属...,109752,千克,0,—,2988826
40093100,用纺材加强或只与纺材...,590437,千克,0,—,9448720
40093200,用纺材加强或只与纺材...,310277,千克,0,—,9271435
40094100,用其他材料加强或与其...,377028,千克,0,—,6460629
40094200,用其他材料加强或与其...,124219,千克,0,—,4622344
40101100,仅用金属加强的硫化橡...,600835,千克,0,—,1087055
40101200,仅用纺织材料加强的硫...,33533,千克,0,—,625251
40101900,其他硫化橡胶制输送带...,11656,千克,0,—,849002
40103100,梯形截面V肋环形传动...,57468,千克,0,—,1832574
40103200,其他梯形截面环形传动...,63985,千克,0,—,836196
40103300,梯形截面V肋环形传动...,13560,千克,0,—,455766
40103400,其他梯形截面环形传动...,51874,千克,0,—,515249
40103500,环形同步带，60cm...,34467,千克,0,—,2136980
40103600,环形同步带，150c...,9015,千克,0,—,758110
40103900,其他硫化橡胶制传动带...,311750,千克,0,—,9404165
40111000,机动小客车用新的充气...,7377956,千克,582696,条,44102287
40112000,客车或货运机动车辆用...,2219254,千克,45151,条,8900201
40113000,航空器用新的充气橡胶...,185773,千克,3333,条,2777986
40114000,摩托车用新的充气橡胶...,332971,千克,87018,条,2058975
40115000,自行车用新的充气橡胶...,186510,千克,294681,条,1325092
40117010,农业或林业车辆及机器...,50318,千克,292,条,141756
40117090,农业或林业车辆及机器...,1205,千克,45,条,8296
40118011,建筑业、采矿业或工业...,34794,千克,912,条,116192
40118012,建筑业、采矿业或工业...,274566,千克,2382,条,1023139
40118091,建筑业、采矿业或工业...,90543,千克,762,条,359040
40118092,建筑业、采矿业或工业...,2318819,千克,2195,条,16433152
40119090,未列名新的充气橡胶轮...,91546,千克,317681,条,766302
40121300,航空器用翻新的充气橡...,66591,千克,967,条,720980
40121900,其他翻新的充气橡胶轮...,150,千克,8,条,896
40122010,汽车用旧的充气轮胎,15760,千克,1827,条,2931
40129010,航空器用实心或半实心...,25255,千克,0,—,1563075
40129020,汽车用实心或半实心橡...,6401,千克,0,—,18122
40129090,其他实心或半实心橡胶...,575281,千克,0,—,1557183
40131000,机动小客车、客运机动...,9574,千克,1282,条,28574
40132000,自行车用橡胶内胎,11911,千克,58407,条,93785
40139010,航空器用橡胶内胎,80,千克,105,条,6720
40139090,未列名橡胶内胎,440,千克,647,条,5490
40141000,硫化橡胶制避孕套,335448,千克,0,—,10535162
40149000,硫化橡胶制其他卫生及...,16076,千克,0,—,710575
40151100,硫化橡胶制外科用分指...,227311,千克,11353400,双,1903821
40151900,硫化橡胶制其他分指、...,7495008,千克,687721579,双,39405557
40159010,硫化橡胶制医疗用衣着...,4221,千克,0,—,326535
40159090,硫化橡胶制非医疗用衣...,16014,千克,0,—,517922
40161010,硫化海绵橡胶制机器及...,33584,千克,0,—,1452970
40161090,其他硫化海绵橡胶制品,69565,千克,0,—,1940737
40169100,硫化橡胶制铺地用品及...,398203,千克,0,—,1914887
40169200,硫化橡胶制橡皮擦,24282,千克,0,—,323391
40169310,硫化橡胶制机器及仪器...,784053,千克,0,—,65161558
40169390,硫化橡胶制非机器及仪...,1351906,千克,0,—,43050571
40169400,硫化橡胶制船舶或码头...,6310,千克,0,—,35307
40169500,硫化橡胶制其他可充气...,188179,千克,0,—,3190936
40169910,其他硫化橡胶制机器及...,675800,千克,0,—,23906793
40169990,未列名硫化橡胶制品,3890287,千克,0,—,41359274
40170010,各种形状的硬质橡胶，...,5217,千克,0,—,38811
40170020,硬质橡胶制品,28948,千克,0,—,652411
41012019,其他未剖层的整张牛皮...,588035,千克,55035,张,1010925
41012020,未剖层的整张马科动物...,587420,千克,113381,张,2036025
41015019,其他重量＞16kg的...,84952623,千克,2869970,张,54151893
41015020,重量＞16kg的整张...,287705,千克,14977,张,93203
41019019,其他牛皮,446408,千克,0,—,52942
41021000,带毛的绵羊或羔羊生皮,22548498,千克,4411126,张,10886399
41032000,爬行动物皮,1583,千克,850,张,143009
41033000,猪皮,1540112,千克,148682,张,542643
41039029,其他山羊皮或小山羊皮,52302,千克,75540,张,44264
41039090,其他生皮,222184,千克,156525,张,391019
41041111,全粒面未剖层及粒面剖...,11875184,千克,0,—,19245864
41041119,其他全粒面未剖层及粒...,16,千克,0,—,100
41041911,其他蓝湿牛皮,14498493,千克,0,—,6867744
41041919,其他牛湿革,21,千克,0,—,1351
41044100,全粒面未剖层及粒面剖...,1243087,千克,0,—,15505900
41044990,其他牛、马科动物干革...,36095,千克,0,—,91017
41051010,蓝湿绵羊或羔羊皮,375822,千克,0,—,390073
41053000,绵羊或羔羊干革（坯革...,4184,千克,0,—,83037
41062100,山羊或小山羊湿革（包...,139013,千克,0,—,167085
41062200,山羊或小山羊干革（坯...,6772,千克,0,—,214251
41063110,蓝湿猪皮,2651454,千克,0,—,4379906
41064000,经鞣制的不带毛爬行动...,1298,千克,0,—,71210
41069100,其他动物湿革（包括蓝...,28406,千克,0,—,76696
41071110,整张全粒面未剖层牛皮...,23865,千克,8251,张,557520
41071210,整张粒面剖层牛皮革,818727,千克,231705,张,15601487
41071910,其他机器带用整张牛、...,946,千克,303,张,18687
41071990,其他整张牛、马科动物...,127116,千克,42746,张,1752254
41079100,全粒面未剖层革（整张...,138049,千克,0,—,1393367
41079200,粒面剖层革（整张革除...,1515563,千克,0,—,24779632
41079990,未列名牛、马科动物皮...,512754,千克,0,—,9689769
41120000,鞣制或半硝后加工的不...,162762,千克,0,—,4870202
41131000,经鞣制或半硝处理后加...,108593,千克,0,—,2872374
41132000,经鞣制或半硝处理后加...,162585,千克,0,—,1050240
41133000,经鞣制或半硝处理后加...,558,千克,0,—,242615
41139000,经鞣制或半硝处理后加...,3620,千克,0,—,163101
41141000,油鞣皮革（包括结合鞣...,4149,千克,0,—,432524
41142000,漆皮及层压漆皮；镀金...,213204,千克,0,—,4353001
41151000,以皮革或皮革纤维为基...,71875,千克,0,—,585288
42010000,各种材料制成的鞍具及...,29435,千克,0,—,611409
42021110,以皮革或再生皮革作面...,59,千克,8,个,33592
42021190,以皮革或再生皮革作面...,21743,千克,31736,个,6251207
42021210,以塑料或纺织材料作面...,15343,千克,3329,个,1259088
42021290,以塑料或纺织材料作面...,265184,千克,507932,个,11098441
42021900,以其他材料作面的衣箱...,5810,千克,1713,个,1133010
42022100,以皮革或再生皮革作面...,308551,千克,411879,个,167323282
42022200,以塑料片或纺织材料作...,295584,千克,649419,个,108509183
42022900,以其他材料作面的手提...,155,千克,236,个,36913
42023100,以皮革或再生皮革作面...,21256,千克,114751,个,12292995
42023200,以塑料片或纺织材料作...,128865,千克,1948289,个,9302845
42023900,以其他材料作面通常置...,3414,千克,39384,个,120980
42029100,以皮革或再生皮革作面...,38033,千克,77625,个,14128842
42029200,以塑料片或纺织材料作...,808083,千克,3935591,个,34155078
42029900,以其他材料作面的其他...,55468,千克,559030,个,648082
42031000,皮革或再生皮革制的衣...,15461,千克,11863,件,5267056
42032100,皮革或再生皮革制专供...,6394,千克,24181,双,442455
42032910,皮革或再生皮革制的劳...,23105,千克,113920,双,138159
42032990,皮革或再生皮革制的未...,1499,千克,9819,双,160086
42033010,皮革或再生皮革制的腰...,48416,千克,0,—,20081349
42034000,皮革或再生皮革制的其...,2246,千克,0,—,286119
42050010,皮革或再生皮革的坐具...,53372,千克,0,—,3560925
42050020,机器、机械器具或其他...,1164,千克,0,—,112728
42050090,皮革或再生皮革的其他...,17779,千克,0,—,2766534
42060000,肠线（蚕胶丝除外）、...,3758,千克,0,—,55818
43011000,整张水貂皮,5451,千克,0,—,698231
43016000,整张狐皮,8110,千克,19239,张,360172
43018010,整张兔皮,1569645,千克,6456060,张,890831
43018090,其他整张毛皮,32110,千克,302295,张,876604
43019090,其他适合加工皮货用的...,16500,千克,0,—,97494
43021100,未缝制的整张水貂皮,120511,千克,1002477,张,24425770
43021910,未缝制整张灰鼠、白鼬...,514,千克,4991,张,262432
43021920,未缝制整张兔皮,5598,千克,80000,张,36320
43021930,未缝制的整张下列羔羊...,5993,千克,33014,张,216364
43021990,未列名未缝制的整张毛...,51472,千克,179755,张,2981641
43022000,未缝制的头、尾、爪及...,140,千克,0,—,18048
43023090,其他已缝制的整张毛皮...,727,千克,0,—,84498
43031010,毛皮衣服,1665,千克,1391,件,3283038
43031020,毛皮衣着附件,9337,千克,0,—,304685
43039000,其他毛皮制品,586,千克,0,—,348973
43040010,人造毛皮,25443,千克,0,—,72605
43040020,人造毛皮制品,76,千克,0,—,6275
44011200,非针叶木薪柴（圆木段...,61840,千克,0,—,13406
44012100,针叶木的木片或木粒,54018161,千克,0,—,7107781
44012200,非针叶木的木片或木粒,1046765540,千克,0,—,181321528
44014000,未粘结的锯末、木废料...,1152809,千克,0,—,130555
44021000,竹炭，不论是否结块,4857,千克,0,—,194693
44029000,其他木炭（包括果壳炭...,26551887,千克,0,—,6208674
44031100,用油漆、着色剂、杂酚...,7956452,千克,9813,立方米,1613545
44032110,红松和樟子松原木，截...,155547074,千克,188513,立方米,20452327
44032120,辐射松原木，截面尺寸...,1079957198,千克,1298535,立方米,154705988
44032130,落叶松原木，截面尺寸...,105996712,千克,132108,立方米,15729524
44032140,花旗松原木，截面尺寸...,82643068,千克,114703,立方米,18974317
44032190,其他松木原木，截面尺...,295757563,千克,298652,立方米,30843773
44032210,红松和樟子松原木，截...,1427772,千克,1698,立方米,166001
44032220,辐射松原木，截面尺寸...,55238646,千克,63077,立方米,6427316
44032230,落叶松原木，截面尺寸...,24691280,千克,28162,立方米,2821614
44032240,花旗松原木，截面尺寸...,2291582,千克,3592,立方米,549696
44032290,其他松木原木，截面尺...,14331361,千克,13789,立方米,1313747
44032300,冷杉和云杉原木，截面...,827295785,千克,1173508,立方米,142671503
44032400,冷杉和云杉原木，截面...,25825012,千克,36613,立方米,3583728
44032500,其他针叶木原木，截面...,219478950,千克,281252,立方米,41274826
44032600,其他针叶木原木，截面...,23045357,千克,27251,立方米,3200458
44034910,柚木原木,685942,千克,644,立方米,397424
44034920,奥克曼木Okoume...,5813072,千克,9777,立方米,2285544
44034950,印加木Intsia ...,41115219,千克,41130,立方米,15744772
44034970,异翅香木原木,2891150,千克,2891,立方米,511546
44034980,热带红木原木,39573833,千克,30661,立方米,23731235
44034990,其他热带木原木,359476675,千克,388449,立方米,86600680
44039100,栎木（橡木）原木,142934053,千克,132195,立方米,44943734
44039300,水青冈木（山毛榉木）...,73121545,千克,64898,立方米,13310346
44039500,桦木原木，截面尺寸≥...,95738816,千克,92558,立方米,11325690
44039600,桦木原木，截面尺寸＜...,1853445,千克,1859,立方米,202995
44039700,杨木原木,38744910,千克,42150,立方米,4259397
44039800,桉木原木,67565189,千克,72226,立方米,7943234
44039930,红木原木，但编码44...,2314660,千克,1683,立方米,2279179
44039950,水曲柳原木,4009242,千克,3682,立方米,1198935
44039960,北美硬阔叶木原木,89153192,千克,85517,立方米,39157079
44039980,其他温带非针叶木原木,4098041,千克,4323,立方米,990747
44039990,未列名非针叶木原木,155989780,千克,180382,立方米,27591933
44041000,针叶木的箍木、木劈条...,76706,千克,0,—,23329
44042000,非针叶木的箍木、木劈...,142094,千克,0,—,42809
44050000,木丝；木粉,623094,千克,0,—,342444
44071110,红松和樟子松木材，经...,586649809,千克,910859,立方米,160361771
44071120,辐射松木材，经纵锯、...,40601442,千克,77108,立方米,16034201
44071130,花旗松木材，经纵锯、...,11827062,千克,22368,立方米,3579080
44071190,其他松木木材，经纵锯...,250593005,千克,329746,立方米,53505295
44071200,冷杉及云杉木材，经纵...,669270148,千克,1200751,立方米,216124998
44071900,其他针叶木木材，经纵...,74146803,千克,116043,立方米,23490328
44072100,美洲桃花心木木材，经...,276561,千克,472,立方米,214391
44072200,苏里南肉豆蔻木、细孔...,3422693,千克,20016,立方米,14471301
44072500,深红色红柳桉木、浅红...,44840,千克,113,立方米,24704
44072600,纵锯切刨或旋切的白黄...,284788,千克,496,立方米,253552
44072700,纵锯切刨或旋切的沙比...,5915398,千克,6203,立方米,3925611
44072910,经纵锯切刨切或旋切的...,1185170,千克,1382,立方米,1115132
44072920,纵锯切刨或旋切非洲桃...,270383,千克,566,立方米,113977
44072930,波罗格木木材，经纵锯...,6816511,千克,5806,立方米,4907071
44072940,热带红木木材，经纵锯...,3335698,千克,2933,立方米,2623621
44072990,未列名热带木木材，经...,353498085,千克,460879,立方米,131466019
44079100,栎木(橡木)木材，经...,79073893,千克,101509,立方米,53712872
44079200,水青冈木（山毛榉木）...,48335652,千克,61095,立方米,24490780
44079300,槭木（枫木）木材，经...,4595550,千克,6012,立方米,2946041
44079400,樱桃木木材，经纵锯、...,14534337,千克,22408,立方米,13200533
44079500,白蜡木木材，经纵锯、...,31203711,千克,41885,立方米,20994299
44079600,桦木木材，经纵锯、纵...,30293046,千克,43431,立方米,8162892
44079700,杨木木材，经纵锯、纵...,3354993,千克,4524,立方米,776336
44079910,"红木木材,但编码44...",2348285,千克,1807,立方米,2561971
44079930,经纵锯切、刨或旋切的...,21998041,千克,37783,立方米,23667956
44079980,纵锯切刨或旋切其他温...,25628615,千克,30263,立方米,8983369
44079990,未列名纵锯切、刨或旋...,5219338,千克,7197,立方米,2181738
44081019,其他针叶木饰面用单板...,6507,千克,0,—,30011
44081020,针叶木制胶合板用单板...,4705644,千克,0,—,908787
44081090,其他针叶木木材，经纵...,2513487,千克,0,—,309071
44083120,制胶合板用单板，红柳...,100479,千克,0,—,28146
44083190,其他纵锯切刨或旋切的...,74,千克,0,—,1150
44083919,其他饰面用单板，其他...,1358654,千克,0,—,1691619
44083920,制胶合板用单板，其他...,47612392,千克,0,—,7076700
44083990,其他经纵锯、刨切或旋...,6920520,千克,0,—,609323
44089011,用胶合板等多层板制的...,63671,千克,0,—,94115
44089012,温带非针叶木制饰面用...,1392295,千克,0,—,2637838
44089019,其他木制饰面用单板，...,2403560,千克,0,—,2715380
44089021,温带非针叶木制胶合板...,4071687,千克,0,—,1404321
44089029,其他木制胶合板用单板...,17462319,千克,0,—,1689239
44089091,温带非针叶木制经纵刨...,8021454,千克,0,—,1363092
44089099,未列名木制经纵锯、刨...,466044,千克,0,—,87947
44091010,任一边、端或面制成连...,2493,千克,0,—,25883
44091090,其他任一边、端或面制...,690155,千克,0,—,77682
44092110,任何一边、端或面制成...,46,千克,0,—,831
44092210,热带木制的地板条(块...,24430,千克,0,—,11750
44092290,热带木制的任何一边、...,9013830,千克,0,—,10020280
44092910,其他任一边、端或面成...,450421,千克,0,—,989649
44092990,其他任一边、端或面成...,204294,千克,0,—,101739
44101100,木制碎料板,31535169,千克,0,—,9079224
44101200,木制定向刨花板（OS...,18261984,千克,0,—,6673664
44101900,其他木制类似板（例如...,11510994,千克,0,—,3359571
44109019,其他木质材料制碎料板,75,千克,0,—,221
44109090,其他木质材料制定向刨...,20,千克,0,—,186
44111211,未机械加工中密度板，...,1057142,千克,0,—,439925
44111219,经机械加工中密度板，...,374720,千克,0,—,203411
44111221,辐射松制的中密度板，...,508255,千克,0,—,237574
44111229,其他中密度板0.5g...,1596042,千克,0,—,710786
44111299,加工中密度板，密度≤...,70,千克,0,—,472
44111311,未加工中密度板，密度...,100070,千克,0,—,39270
44111319,加工中密度板，密度＞...,1522228,千克,0,—,1680333
44111321,辐射松制的中密度板，...,474140,千克,0,—,194693
44111329,其他中密度板0.5g...,166212,千克,0,—,51687
44111399,加工中密度板，密度≤...,42298,千克,0,—,80146
44111411,未加工中密度板，密度...,192,千克,0,—,164
44111419,加工中密度板，密度＞...,1246755,千克,0,—,1200011
44111421,辐射松制的中密度板，...,644450,千克,0,—,268375
44111429,其他中密度板0.5g...,2046788,千克,0,—,1465837
44111491,未加工中密度板，密度...,51165,千克,0,—,17182
44111499,未加工中密度板，密度...,398285,千克,0,—,120655
44119290,加工木纤维板，密度＞...,1570366,千克,0,—,1548328
44119390,木纤板，0.5g/c...,2248140,千克,0,—,1001920
44119429,加工木纤板，密度≤0...,43336,千克,0,—,33680
44121019,其他仅由薄板制的竹胶...,56398,千克,89,立方米,93512
44121099,其他竹制胶合板、单板...,34,千克,0,立方米,386
44123100,仅由薄木板制的其他胶...,1402936,千克,2572,立方米,1325040
44123300,仅由薄木板制的其他胶...,4546372,千克,6749,立方米,5586154
44123410,仅由薄木板制的其他胶...,126345,千克,199,立方米,243375
44123490,仅由薄木板制的其他胶...,85164,千克,183,立方米,77569
44123900,仅由薄木板制的其他胶...,1471144,千克,2858,立方米,832082
44129410,其他木块芯胶合板等至...,129460,千克,255,立方米,390578
44129492,其他木块芯胶合板、侧...,2979,千克,5,立方米,1688
44129910,其他胶合板等至少一表...,651089,千克,48267,立方米,2166281
44129991,其他胶合板、单板饰面...,4,千克,0,立方米,90
44129992,其他胶合板等至少一表...,26,千克,1,立方米,705
44129999,未列名胶合板、单板饰...,83209,千克,179,立方米,79023
44130000,强化木，成块、板、条...,249079,千克,0,—,636109
44140090,其他木制的画框、相框...,5750,千克,0,—,95140
44151000,木制箱、盒、桶及类似...,410966,千克,57543,件,592189
44152010,辐射松制托板箱形托盘...,14402,千克,820,件,2988
44152090,木托板、箱形托盘及其...,1149486,千克,74219,件,768683
44160090,木制大桶、琵琶桶、盆...,85429,千克,0,—,233392
44170090,木制工具等；扫帚及刷...,2803,千克,0,—,85632
44181010,辐射松制窗法兰西式（...,509,千克,0,—,4007
44181090,木制窗、法兰西式（落...,16142,千克,0,—,147738
44182000,木制门及其框架和门槛,81063,千克,0,—,971426
44184000,木制水泥构件的模板,18677,千克,0,—,36020
44186000,木制柱及梁,211472,千克,0,—,244905
44187320,其他竹制多层已装拼的...,40,千克,0,—,568
44187400,其他马赛克地板用已装...,117518,千克,0,—,188562
44187500,其他多层已装拼的木地...,894589,千克,0,—,3436748
44187900,其他已装拼木地板,209802,千克,0,—,855615
44189900,未列名建筑用木工制品,65234,千克,0,—,1249616
44191100,竹制切面包板、 砧板...,908,千克,0,—,11221
44191210,竹制一次性筷子,162,千克,0,—,443
44191290,其他竹制筷子,1420,千克,0,—,79606
44191900,其他竹制餐具及厨房用...,9742,千克,0,—,56001
44199010,木制一次性筷子,2168928,千克,0,—,1153433
44199090,未列名木制餐具及厨房...,1310986,千克,0,—,1009617
44201011,木刻,121932,千克,0,—,133343
44201012,竹刻,111,千克,0,—,674
44201020,木扇,52,千克,0,—,7186
44201090,其他木制小雕像及装饰...,104536,千克,0,—,388875
44209090,珠宝或刀具木盒及类似...,203159,千克,0,—,1340920
44211000,木制衣架,6194,千克,0,—,82065
44219110,竹制圆签、圆棒、冰果...,123,千克,0,—,691
44219190,未列名竹制品,628,千克,0,—,9307
44219910,其他木制圆签、圆棒、...,4120564,千克,0,—,2909959
44219990,未列名木制品,35272048,千克,0,—,46293750
45011000,未加工或简单加工的天...,140855,千克,0,—,480380
45019020,碎的、粒状的或粉状的...,0,千克,0,—,71
45031000,天然软木塞子,31846,千克,0,—,426057
45039000,其他天然软木制品,18284,千克,0,—,86103
45041000,压制软木块、板、片及...,346582,千克,0,—,1912110
45049000,其他压制软木及其制品,25883,千克,0,—,98608
46012100,竹制的席子、席料及帘...,454,千克,2002,张,1516
46012911,灯心草属材料制的席子...,25,千克,10,张,787
46012919,其他草制的席子、席料...,6000,千克,29416,张,36672
46012990,其他植物材料制的席子...,1312,千克,5891,张,5952
46019290,竹制其他平行连结或编...,116,千克,0,—,1368
46019390,藤制其他平行连结或编...,163,千克,0,—,3473
46019419,稻草制其他平行连结或...,3,千克,0,—,93
46019491,未列名植物编结材料编...,116850,千克,0,—,114861
46019499,未列名植物编结材料制...,863,千克,0,—,15633
46019910,非植物编结材料编成的...,0,千克,0,—,1
46019990,非植物编结材料制其他...,14067,千克,0,—,149434
46021100,竹制篮筐及其他编结品,26584,千克,0,—,196545
46021200,藤制篮筐及其他编结品,10607,千克,0,—,169554
46021910,草制篮筐及其他编结品,25272,千克,0,—,294677
46021920,玉米皮制篮筐及其他编...,2,千克,0,—,1644
46021930,柳条制篮筐及其他编结...,906,千克,0,—,141455
46021990,其他植物材料制篮筐等...,18848,千克,0,—,412351
46029000,非植物编结材料制篮筐...,2836,千克,0,—,68672
47010000,机械木浆,451603,千克,0,—,323498
47020000,化学木浆、溶解级,180828139,千克,0,—,128903640
47031100,未漂白的针叶木烧碱木...,75949585,千克,0,—,41032661
47031900,未漂白的非针叶木烧碱...,14640386,千克,0,—,6513776
47032100,半漂白或漂白的针叶木...,764644491,千克,0,—,447676820
47032900,半漂白或漂白非针叶木...,1110782257,千克,0,—,525374856
47041100,未漂白的针叶木亚硫酸...,304459,千克,0,—,106880
47042100,半漂白或漂白的针叶木...,482636,千克,0,—,334794
47042900,半漂白或漂白的非针叶...,227505,千克,0,—,309284
47050000,用机械与化学联合制浆...,161485455,千克,0,—,77147489
47061000,棉短绒纸浆,736199,千克,0,—,1926130
47062000,从回收（废碎）纸或纸...,155561220,千克,0,—,44840263
47063000,其他纤维状纤维素竹浆,991,千克,0,—,7706
47069100,其他纤维状纤维素机械...,404,千克,0,—,6178
47069200,其他纤维状纤维素化学...,2619979,千克,0,—,2625249
47069300,其他用机械和化学联合...,50850,千克,0,—,284600
47071000,回收（废碎）的未漂白...,325693242,千克,0,—,60437030
47072000,回收（废碎）漂白化学...,17851521,千克,0,—,3557809
47073000,回收（废碎）的主要由...,96761750,千克,0,—,11755097
48010010,成卷的新闻纸,74203084,千克,0,—,30693260
48010090,成张的新闻纸,7957,千克,0,—,4376
48021010,宣纸,7563,千克,0,—,16777
48021090,其他手工制纸及纸板,6,千克,0,—,26
48022010,照相原纸,90432,千克,0,—,32545
48022090,其他光敏热敏电敏纸及...,189338,千克,0,—,123196
48024000,壁纸原纸,209523,千克,0,—,199676
48025400,其他未涂书写印刷纸，...,366604,千克,0,—,407867
48025500,其他未涂书写印刷纸，...,56748685,千克,0,—,35275916
48025600,其他未涂书写印刷纸，...,16398768,千克,0,—,11809680
48025700,其他未涂书写印刷纸，...,13127665,千克,0,—,8396193
48025800,其他未涂书写印刷纸，...,4959002,千克,0,—,5526844
48026100,其他未涂书写印刷纸，...,10496082,千克,0,—,7505306
48026200,其他未涂书写印刷纸，...,3992981,千克,0,—,4227752
48026900,其他未涂书写印刷纸，...,1052902,千克,0,—,1249271
48030000,成卷成张的家庭或卫生...,1796291,千克,0,—,2091611
48041100,未漂白牛皮挂面板纸,103313507,千克,0,—,50707147
48041900,其他牛皮挂面板纸,1302523,千克,0,—,924454
48042100,未漂白袋用牛皮纸,17980944,千克,0,—,11537214
48042900,其他袋用牛皮纸,4892898,千克,0,—,5649468
48043100,其他未涂布未漂白牛皮...,27596023,千克,0,—,12901189
48043900,其他未涂布牛皮纸，平...,9871495,千克,0,—,8516771
48044100,其他未涂未漂白牛皮纸...,8745029,千克,0,—,4515800
48044200,未涂布本体漂白牛皮纸...,1197542,千克,0,—,647683
48044900,其他未涂布的牛皮纸，...,279357,千克,0,—,196583
48045100,其他未涂布未漂白牛皮...,10377076,千克,0,—,6075921
48045200,未涂布的本体漂白牛皮...,1603549,千克,0,—,1157149
48045900,其他未涂布的牛皮纸，...,2712524,千克,0,—,1136463
48051100,半化学瓦楞原纸,6227670,千克,0,—,2649571
48051200,草浆瓦楞原纸,6720,千克,0,—,1872
48051900,其他瓦楞原纸,278711650,千克,0,—,95402244
48052400,强韧箱纸板（再生挂面...,105255401,千克,0,—,37762103
48052500,强韧箱纸板（再生挂面...,21063816,千克,0,—,8095190
48053000,亚硫酸盐包装纸,31495,千克,0,—,49002
48054000,滤纸及纸板,858619,千克,0,—,3925185
48055000,毡纸及纸板,17217,千克,0,—,163966
48059110,电解电容器纸，每平米...,464153,千克,0,—,4978951
48059190,其他未经涂布的纸及纸...,31655148,千克,0,—,14510980
48059200,其他未涂布纸及纸板，...,19483812,千克,0,—,6261052
48059300,其他未涂布纸及纸板，...,44441682,千克,0,—,15629369
48061000,植物羊皮纸,30991,千克,0,—,296147
48062000,防油纸,198298,千克,0,—,569105
48063000,描图纸,11126,千克,0,—,120326
48064000,半透明玻璃纸及其他高...,2732728,千克,0,—,4455586
48070000,成卷或成张的复合纸及...,2262425,千克,0,—,3403003
48081000,瓦楞纸及纸板，不论是...,7414874,千克,0,—,2778210
48084000,皱纹牛皮纸，不论是否...,342604,千克,0,—,1666464
48089000,其他皱纹纸及纸板、压...,1167465,千克,0,—,3118206
48092000,自印复写纸，成卷或成...,42902,千克,0,—,34344
48099000,复写纸及其他拷贝或转...,250512,千克,0,—,593415
48101300,高岭土及其他无机物涂...,18387744,千克,0,—,20788105
48101400,高岭土及其他无机物涂...,27356,千克,0,—,57808
48101900,其他高岭土及其他无机...,5477391,千克,0,—,6633417
48102200,高岭土及其他无机物涂...,6328209,千克,0,—,4056369
48102900,其他高岭土及其他无机...,3897010,千克,0,—,3949964
48103100,高岭土及其他无机物涂...,1744007,千克,0,—,2201498
48103200,高岭土及其他无机物涂...,18009299,千克,0,—,19978942
48103900,其他涂布高岭土或其他...,8398160,千克,0,—,5865722
48109200,涂布高岭土或其他无机...,26426287,千克,0,—,24571787
48109900,未列名涂布高岭土或其...,162044,千克,0,—,324769
48111000,成卷或成张矩形焦油纸...,1046,千克,0,—,2561
48114100,成卷或成张矩形的任何...,1054318,千克,0,—,6872342
48114900,成卷或成张矩形的其他...,37810,千克,0,—,280595
48115110,彩色相纸用双面涂塑纸...,461966,千克,0,—,2242735
48115191,纸塑铝复合材料，每平...,2488,千克,0,—,10228
48115199,其他用塑料（不包括黏...,1051134,千克,0,—,4470644
48115910,其他用塑料涂布、浸渍...,81678,千克,0,—,587628
48115991,镀铝的用塑料（不包括...,155044,千克,0,—,412758
48115999,未列名用塑料(不包括...,5280950,千克,0,—,13218975
48116010,用蜡、石蜡、硬脂精、...,196604,千克,0,—,1158677
48116090,其他用蜡、石蜡、硬脂...,696341,千克,0,—,1432279
48119000,未列名成卷成张矩形浸...,3728608,千克,0,—,11993858
48120000,纸浆制的滤块、滤板及...,69543,千克,0,—,600872
48132000,宽度≤5cm成卷的卷...,1016442,千克,0,—,3344039
48139000,其他卷烟纸，不论是否...,402022,千克,0,—,1748580
48142000,用塑料涂面或盖面的壁...,275131,千克,0,—,1837222
48149000,其他壁纸及类似品；窗...,12655,千克,0,—,423811
48162000,自印复写纸,15429,千克,0,—,39739
48169010,热敏转印纸（4809...,23217,千克,0,—,201236
48169090,复写纸、拷贝或转印纸...,25813,千克,0,—,129927
48171000,纸或纸板制的信封,35957,千克,0,—,199038
48172000,纸或纸板制封缄信片、...,776,千克,0,—,20205
48173000,纸或纸板制盒、袋及夹...,4051,千克,0,—,39557
48181000,卫生纸,159212,千克,0,—,466280
48182000,纸手帕及面巾纸,340538,千克,0,—,793412
48183000,纸台布及纸餐巾,54960,千克,0,—,157316
48185000,纸浆、纸、纤维素絮纸...,547,千克,0,—,5723
48189000,纸浆、纸等制的其他家...,363519,千克,0,—,1286608
48191000,瓦楞纸或纸板制的箱、...,1111519,千克,0,—,3083556
48192000,非瓦楞纸或纸板制的可...,1335306,千克,0,—,5016314
48193000,底宽≥40cm的纸袋,181742,千克,0,—,387474
48194000,其他纸袋，包括锥形袋,427505,千克,0,—,2003316
48195000,纸、纸板制其他包装容...,67980,千克,0,—,513788
48196000,纸或纸板制的卷宗盒、...,31372,千克,0,—,152330
48201000,帐本、笔记本、收据本...,176431,千克,0,—,1165293
48202000,练习本,13337,千克,0,—,96818
48203000,纸或纸板制的活动封面...,17625,千克,0,—,138676
48204000,多联商业表格纸、页间...,5878,千克,0,—,63200
48205000,纸或纸板制的样品簿及...,7462,千克,0,—,48115
48209000,纸或纸板制的其他文具...,11183,千克,0,—,89456
48211000,纸或纸板制的各种标签...,560863,千克,0,—,9391378
48219000,纸或纸板制的各种标签...,99393,千克,0,—,1636969
48221000,纸制的纺织纱线用筒管...,6968,千克,0,—,6498
48229000,其他纸制筒管、卷轴、...,228685,千克,0,—,674945
48232000,切成一定尺寸或形状的...,248778,千克,0,—,3225373
48234000,已印制的自动记录器用...,2703,千克,0,—,59080
48236100,竹浆纸或纸板制的盘、...,136,千克,0,—,1580
48236910,非木植物浆纸或纸板制...,95,千克,0,—,733
48236990,未列名纸或纸板制的盘...,35347,千克,0,—,141706
48237000,压制或模制纸浆制品,153684,千克,0,—,591509
48239010,以纸或纸板为底制成的...,59,千克,0,—,4433
48239020,神纸及类似用品,65307,千克,0,—,14936
48239030,纸扇,454,千克,0,—,6002
48239090,未列名切成形的纸、纸...,1859094,千克,0,—,12786602
49011000,单张的散页印刷品及类...,707501,千克,0,—,936483
49019100,字典或百科全书及其连...,73,千克,0,—,1745
49019900,其他书籍、小册子及类...,2202670,千克,0,—,35546020
49021000,每周至少出版四次的报...,93364,千克,0,—,852264
49029000,其他报纸、杂志及期刊,90029,千克,0,—,34682851
49030000,儿童图画书、绘画或涂...,126675,千克,0,—,801053
49040000,乐谱原稿或印本，不论...,269,千克,0,—,14909
49051000,地球仪、天体仪,71,千克,0,—,70614
49059100,成册的地图、水道图及...,1022,千克,0,—,22564
49059900,其他地图、水道图及类...,810,千克,0,—,31270
49060000,手绘的设计图纸原稿和...,1479,千克,0,—,17077
49070010,在承认或将承认其面值...,857,千克,0,—,20681
49070090,承认国流通新发行未用...,1400,千克,0,—,69004737
49081000,釉转印贴花纸（移画印...,8930,千克,0,—,295731
49089000,其他转印贴花纸（移画...,208933,千克,0,—,10360561
49090010,印刷或有图画的明信片,2338,千克,0,—,62360
49090090,印有个人问候、祝贺、...,6104,千克,0,—,106159
49100000,印刷的各种日历，包括...,74256,千克,0,—,135244
49111010,无商业价值的商业广告...,430798,千克,0,—,2496935
49111090,其他商业广告品、商品...,107326,千克,0,—,2068537
49119100,印刷的图片、设计图样...,326104,千克,0,—,1387257
49119910,纸质的其他印刷品,337367,千克,0,—,29644879
49119990,其他印刷品,295065,千克,0,—,2386336
50020011,桑蚕厂丝,13766,千克,0,—,110127
50020012,桑蚕土丝,5142,千克,0,—,23072
50030011,不适于缫丝的下茧、茧...,247402,千克,0,—,1174826
50030019,其他未梳废丝,8924,千克,0,—,31234
50030091,废丝绵球（包括绵条、...,2150,千克,0,—,20167
50030099,其他废丝,69085,千克,0,—,350353
50040000,丝纱线（绢纺纱线除外...,472,千克,0,—,56520
50050010,丝纱线，非供零售用,8,千克,0,—,1208
50050090,其他绢纺纱线，非供零...,773,千克,0,—,26539
50060000,丝纱线及绢纺纱线，供...,13,千克,0,—,3120
50071090,其他丝机织物,34,米,9,千克,1029
50072011,未漂白或漂白桑蚕丝机...,5077,米,436,千克,87263
50072019,其他桑蚕丝机织物，丝...,68659,米,6890,千克,1352917
50072029,其他柞蚕丝机织物，丝...,3959,米,392,千克,12169
50072031,未漂白或漂白绢丝机织...,288,米,55,千克,6584
50072039,其他绢丝机织物，丝≥...,2091,米,215,千克,13995
50072090,未列名丝机织物，丝≥...,17821,米,1309,千克,190177
50079010,其他未漂白或漂白丝机...,24,米,5,千克,3269
50079090,未列名丝机织物，丝＜...,4118,米,458,千克,57600
51011100,未梳含脂剪羊毛,14142349,千克,0,—,109326541
51011900,其他未梳含脂羊毛,27956,千克,0,—,218104
51012100,未梳脱脂剪羊毛，未碳...,2264185,千克,0,—,4830582
51013000,未梳碳化羊毛,52010,千克,0,—,204360
51021920,未梳其他山羊绒,1615768,千克,0,—,52027621
51022000,未梳动物粗毛,107952,千克,0,—,129625
51031010,羊毛落毛,115904,千克,0,—,689783
51052900,羊毛条及其他精梳羊毛,236909,千克,0,—,2355604
51053910,已梳兔毛,1000,千克,0,—,11500
51053990,其他已梳动物细毛,108916,千克,0,—,1726144
51054000,已梳动物粗毛,12951,千克,0,—,153195
51061000,粗梳羊毛纱线，非供零...,55683,千克,0,—,1507378
51062000,粗梳羊毛纱线，非供零...,36289,千克,0,—,904027
51071000,精梳羊毛纱线，非供零...,323278,千克,0,—,6507614
51072000,精梳羊毛纱线，非供零...,183570,千克,0,—,2280985
51081011,粗梳山羊绒≥85％的...,34303,千克,0,—,2423157
51081019,粗梳其他动物细毛≥8...,442,千克,0,—,16078
51081090,粗梳动物细毛＜85%...,7342,千克,0,—,429773
51082011,精梳山羊绒≥85％的...,31557,千克,0,—,2270313
51082019,精梳其他动物细毛≥8...,798,千克,0,—,31745
51082090,精梳动物细毛＜85%...,7504,千克,0,—,448999
51091011,山羊绒≥85％的纱线...,11,千克,0,—,2835
51091019,其他动物细毛≥85％...,13,千克,0,—,1325
51091090,羊毛≥85％的纱线，...,473,千克,0,—,23211
51099011,山羊绒＜85％的纱线...,2,千克,0,—,617
51099019,其他动物细毛＜85％...,448,千克,0,—,22616
51099090,羊毛＜85％的纱线，...,849,千克,0,—,55181
51111111,粗梳山羊绒≥85%的...,2505,米,993,千克,182246
51111119,粗梳其他动物细毛≥8...,4854,米,1726,千克,63943
51111190,粗梳羊毛≥85%的机...,59404,米,22468,千克,1110228
51111911,粗梳山羊绒≥85%的...,5963,米,3014,千克,569025
51111919,粗梳其他动物细毛≥8...,8096,米,4613,千克,309166
51111990,粗梳羊毛≥85%的机...,302208,米,180781,千克,2812536
51112000,粗梳毛＜85％主要或...,100692,米,51460,千克,1372807
51113000,粗梳毛＜85％主要或...,185861,米,104438,千克,1759953
51119000,粗梳毛＜85％与其他...,16804,米,6358,千克,239566
51121100,精梳毛≥85％的机织...,612829,米,163183,千克,12526865
51121900,精梳毛≥85％的机织...,446179,米,191527,千克,7653589
51122000,精梳毛＜85％主要或...,78099,米,31734,千克,1018079
51123000,精梳毛＜85％主要或...,104694,米,36741,千克,1157332
51129000,精梳毛＜85％与其他...,61511,米,22528,千克,1112460
51130000,动物粗毛或马毛机织物,10047,米,7520,千克,133467
52010000,未梳的棉花,90257972,千克,0,—,147041635
52030000,已梳的棉花,22408,千克,0,—,71930
52041100,含棉≥85％的缝纫线...,658,千克,0,—,18065
52041900,含棉＜85％的缝纫线...,4302,千克,0,—,18324
52042000,棉制缝纫线，供零售用,34,千克,0,—,1252
52051100,未精梳单纱，棉≥85...,15463590,千克,0,—,27141676
52051200,未精梳单纱，棉≥85...,68743446,千克,0,—,132819529
52051300,未精梳单纱，棉≥85...,6015717,千克,0,—,15017464
52051400,未精梳单纱，棉≥85...,26019995,千克,0,—,56132864
52052100,精梳单纱，棉≥85％...,3184,千克,0,—,15622
52052200,精梳单纱，棉≥85％...,6539533,千克,0,—,16934408
52052300,精梳单纱，棉≥85％...,6258534,千克,0,—,16503809
52052400,精梳单纱，棉≥85％...,8026141,千克,0,—,23689847
52052600,精梳单纱，棉≥85％...,215675,千克,0,—,869961
52052700,精梳单纱，棉≥85％...,81479,千克,0,—,432768
52052800,精梳单纱，棉≥85％...,206800,千克,0,—,1305963
52053100,未精梳多股纱线，棉≥...,8892,千克,0,—,51276
52053200,未精梳多股线，棉≥8...,765558,千克,0,—,1947938
52053300,未精梳多股线，棉≥8...,12477,千克,0,—,40874
52053400,未精梳多股线，棉≥8...,1329570,千克,0,—,3184936
52054100,精梳多股纱线，棉≥8...,1027,千克,0,—,7497
52054200,精梳多股纱线，棉≥8...,477839,千克,0,—,1867029
52054300,精梳多股纱线，棉≥8...,30489,千克,0,—,130239
52054400,精梳多股纱线，棉≥8...,83482,千克,0,—,368620
52054600,精梳多股纱线，棉≥8...,26,千克,0,—,887
52054700,精梳多股纱线，棉≥8...,55298,千克,0,—,301694
52054800,精梳多股纱线，棉≥8...,129636,千克,0,—,918355
52061100,未精梳单纱，棉＜85...,593722,千克,0,—,816661
52061200,未精梳单纱，棉＜85...,2083785,千克,0,—,4027387
52061300,未精梳单纱，棉＜85...,303321,千克,0,—,653766
52061400,未精梳单纱，棉＜85...,41020,千克,0,—,113479
52062100,精梳单纱，棉＜85％...,39994,千克,0,—,322425
52062200,精梳单纱，棉＜85％...,182720,千克,0,—,622856
52062300,精梳单纱，棉＜85％...,919961,千克,0,—,2680616
52062400,精梳单纱，棉＜85％...,723286,千克,0,—,2336574
52062500,精梳单纱，棉＜85％...,18901,千克,0,—,78192
52063100,未精梳多股纱线，棉＜...,13992,千克,0,—,49315
52063200,未精梳多股纱线，棉＜...,6178,千克,0,—,25696
52063300,未精梳多股纱线，棉＜...,1,千克,0,—,30
52063400,未精梳多股纱线，棉＜...,116,千克,0,—,1708
52063500,未精梳多股纱线，棉＜...,331,千克,0,—,3838
52064100,精梳多股纱线，棉＜8...,48306,千克,0,—,291721
52064200,精梳多股纱线，棉＜8...,346812,千克,0,—,2124619
52064300,精梳多股纱线，棉＜8...,7036,千克,0,—,41350
52064400,精梳多股纱线，棉＜8...,6408,千克,0,—,68045
52064500,精梳多股纱线，棉＜8...,137,千克,0,—,7296
52071000,棉≥85％的棉纱线，...,896336,千克,0,—,1436403
52079000,棉＜85％的棉纱线，...,329,千克,0,—,8930
52081100,棉≥85％未漂平纹布...,219599,米,36974,千克,192718
52081200,棉≥85％未漂平纹布...,3150048,米,740473,千克,2489288
52081300,棉≥85％未漂三或四...,132384,米,36052,千克,129337
52081900,其他棉≥85％未漂布...,345070,米,56688,千克,488665
52082100,棉≥85％漂白平纹布...,4157,米,456,千克,11782
52082200,棉≥85％漂白平纹布...,342639,米,10071,千克,59289
52082300,棉≥85％漂白三或四...,917,米,124,千克,3704
52082900,其他棉≥85％漂白布...,44837,米,9171,千克,206663
52083100,棉≥85％染色平纹布...,36013,米,3845,千克,106601
52083200,棉≥85％染色平纹布...,353983,米,70580,千克,938306
52083300,棉≥85％染色三或四...,43174,米,9146,千克,134844
52083900,其他棉≥85％染色布...,259629,米,48466,千克,949922
52084100,棉≥85％色织平纹布...,28733,米,7900,千克,157979
52084200,棉≥85％色织平纹布...,411699,米,87407,千克,1097694
52084300,棉≥85％色织三或四...,128638,米,26108,千克,780218
52084900,棉≥85％其他色织布...,181442,米,38720,千克,1042844
52085100,棉≥85％印花平纹布...,45290,米,4613,千克,125994
52085200,棉≥85％印花平纹布...,115985,米,20464,千克,411701
52085910,棉≥85％印花三或四...,8886,米,1703,千克,63504
52085990,棉≥85％其他印花布...,38773,米,7075,千克,202669
52091100,棉≥85％未漂平纹布...,402546,米,163580,千克,556343
52091200,棉≥85％未漂三或四...,2486765,米,957220,千克,2710055
52091900,其他棉≥85％未漂布...,387157,米,194139,千克,580449
52092100,棉≥85％漂白平纹布...,18130,米,6284,千克,64510
52092200,棉≥85％漂白三或四...,93100,米,45595,千克,347501
52092900,其他棉≥85％漂白布...,19227,米,9246,千克,155552
52093100,棉≥85％染色平纹布...,321889,米,94117,千克,822205
52093200,棉≥85％染色三或四...,272235,米,108979,千克,1059723
52093900,其他棉≥85％染色布...,440965,米,190986,千克,1912063
52094100,棉≥85％色织平纹布...,23411,米,8888,千克,123316
52094200,棉≥85%色织粗斜纹...,1380798,米,713237,千克,4807599
52094300,棉≥85％色织其他三...,31925,米,11873,千克,228575
52094900,其他棉≥85％色织布...,40552,米,19598,千克,301828
52095100,棉≥85％印花平纹布...,22456,米,8316,千克,69009
52095200,棉≥85％印花三或四...,4631,米,1213,千克,24697
52095900,其他棉≥85％印花布...,10794,米,3740,千克,47869
52101100,棉＜85％与化纤纺未...,164219,米,35399,千克,154060
52101910,棉＜85％与化纤纺未...,271422,米,101606,千克,401651
52101990,棉＜85％与化纤纺未...,2660,米,345,千克,3969
52102100,棉＜85％与化纤纺漂...,91965,米,24717,千克,100312
52102990,棉＜85％与化纤纺漂...,1071,米,188,千克,2693
52103100,棉＜85％与化纤纺染...,386874,米,62889,千克,924567
52103200,棉＜85％与化纤纺染...,29648,米,6290,千克,202522
52103900,棉＜85％与化纤纺染...,174064,米,44714,千克,502996
52104100,棉＜85％与化纤纺色...,94319,米,18256,千克,277178
52104910,棉＜85％与化纤纺色...,47836,米,6888,千克,157707
52104990,棉＜85％与化纤纺色...,97327,米,26717,千克,342124
52105100,棉＜85％与化纤纺印...,60963,米,11248,千克,232189
52105910,棉＜85％与化纤纺印...,190,米,37,千克,2855
52105990,棉＜85％与化纤纺印...,7413,米,1298,千克,51300
52111100,棉＜85％与化纤纺未...,71384,米,26458,千克,127003
52111200,棉＜85％与化纤纺未...,67779,米,28145,千克,117019
52111900,棉＜85％与化纤纺未...,64435,米,31183,千克,90366
52112000,棉＜85％与化纤混纺...,44092,米,18065,千克,150720
52113100,棉＜85％与化纤纺染...,243841,米,56194,千克,498768
52113200,棉＜85％与化纤纺染...,63371,米,27473,千克,353729
52113900,棉＜85％与化纤纺染...,125124,米,49701,千克,627412
52114100,棉＜85％与化纤纺色...,7234,米,2898,千克,63241
52114200,棉＜85％与化纤纺色...,1182516,米,568341,千克,3319507
52114300,棉＜85％与化纤纺色...,183360,米,81466,千克,791611
52114900,棉＜85％与化纤纺色...,71207,米,31904,千克,410909
52115100,棉＜85％与化纤纺印...,1978,米,922,千克,14903
52115200,棉＜85％与化纤纺印...,10860,米,3808,千克,33550
52115900,棉＜85％与化纤纺印...,17654,米,8857,千克,59526
52121100,其他未漂棉布，平米重...,1411,米,8,千克,509
52121200,其他漂白棉布，平米重...,10,米,1,千克,71
52121300,其他染色棉布，平米重...,13516,米,2541,千克,85638
52121400,其他色织棉布，平米重...,13572,米,2354,千克,112041
52121500,其他印花棉布，平米重...,2856,米,503,千克,45617
52122100,其他未漂棉布，平米重...,1092,米,571,千克,24604
52122300,其他染色棉布，平米重...,13761,米,5306,千克,126852
52122400,其他色织棉布，平米重...,11924,米,3875,千克,160356
52122500,其他印花棉布，平米重...,3038,米,1321,千克,46614
53012100,破开的或打成的亚麻,6055487,千克,0,—,21371938
53012900,栉梳或经其他加工但未...,130661,千克,0,—,217210
53013000,亚麻短纤及废麻,3378652,千克,0,—,5499887
53031000,生的或经沤制的黄麻等...,1782531,千克,0,—,1175533
53039000,其他加工但未纺黄麻等...,171362,千克,0,—,119425
53050020,生的或经加工但未纺蕉...,112500,千克,0,—,214533
53050091,西沙尔麻等纺织龙舌兰...,3628248,千克,0,—,5229177
53050092,生的或经加工但未纺椰...,39344211,千克,0,—,9520192
53050099,未列名纺织用植物纤维...,51730,千克,0,—,60783
53061000,亚麻单纱,213,千克,0,—,9249
53062000,亚麻多股纱线或缆线,946,千克,0,—,16974
53071000,黄麻或5303其他纺...,6497230,千克,0,—,5878515
53072000,黄麻或5303其他纺...,874031,千克,0,—,868924
53082000,大麻纱线,110,千克,0,—,3133
53089011,苎麻≥85%未漂白或...,20,千克,0,—,564
53089012,苎麻≥85%的色纱线,97,千克,0,—,4206
53089014,苎麻＜85%的色纱线,556,千克,0,—,6481
53089091,纸纱线,11550,千克,0,—,206205
53089099,未列名植物纺织纤维纱...,24098,千克,0,—,34942
53091110,含亚麻≥85％未漂白...,3030,米,1860,千克,56663
53091120,含亚麻≥85％漂白的...,29194,米,5672,千克,70642
53091900,其他含亚麻≥85％的...,52040,米,15211,千克,358094
53092110,含亚麻＜85％未漂白...,377,米,190,千克,6306
53092120,含亚麻＜85％漂白的...,20,米,7,千克,393
53092900,其他含亚麻＜85％的...,51811,米,13203,千克,456321
53109000,黄麻或5303其他纺...,118,米,78,千克,1825
53110012,苎麻≥85%未漂白机...,82800,米,3167,千克,8234
53110013,苎麻≥85%其他机织...,156014,米,10353,千克,16286
53110015,苎麻＜85%其他机织...,219,米,59,千克,1404
53110020,纸纱线机织物,404,米,51,千克,3448
53110030,大麻机织物,96,米,37,千克,635
53110090,未列名纺织用植物纤维...,695,米,168,千克,4867
54011010,合成纤维长丝缝纫线，...,163691,千克,0,—,2685860
54011020,合成纤维长丝缝纫线，...,10967,千克,0,—,87699
54012010,人造纤维长丝缝纫线，...,553,千克,0,—,88437
54012020,人造纤维长丝缝纫线，...,40,千克,0,—,1346
54021110,聚间苯二甲酰间苯二胺...,2489,千克,0,—,75410
54021120,聚对苯二甲酰对苯二胺...,814994,千克,0,—,18674056
54021190,其他芳香族聚酰胺纺制...,21292,千克,0,—,512129
54021910,聚酰胺6（尼龙6）纺...,70627,千克,0,—,331396
54021920,"聚酰胺6,6（尼龙6...",1477845,千克,0,—,6511936
54021990,未列名尼龙或其他聚酰...,16944,千克,0,—,116800
54022000,聚酯高强力纱,816067,千克,0,—,3519598
54023111,尼龙-6弹力丝，每根...,45441,千克,0,—,274433
54023112,尼龙-6，6弹力丝，...,81643,千克,0,—,634302
54023119,其他尼龙等聚酰胺弹力...,83764,千克,0,—,361864
54023190,尼龙等聚酰胺其他变形...,252288,千克,0,—,744520
54023211,尼龙-6弹力丝，每根...,366312,千克,0,—,1677664
54023213,芳香族聚酰胺弹力丝，...,1318,千克,0,—,36242
54023219,其他尼龙或聚酰胺弹力...,1897,千克,0,—,14262
54023290,尼龙等聚酰胺其他变形...,97587,千克,0,—,416860
54023310,聚酯弹力丝,1800581,千克,0,—,6546833
54023390,其他聚酯变形纱线,270413,千克,0,—,875288
54023400,聚丙烯长丝变形纱线,8463,千克,0,—,42046
54023900,其他合成纤维长丝变形...,13995,千克,0,—,120527
54024410,氨纶弹性纱线，未加捻...,1873795,千克,0,—,9789957
54024490,其他弹性纱线，未加捻...,3573,千克,0,—,24268
54024510,尼龙-6纱线，未加捻...,1928044,千克,0,—,5106569
54024520,尼龙-6，6纱线，未...,122269,千克,0,—,650138
54024530,芳香族聚酰胺纱线，未...,150,千克,0,—,450
54024590,其他尼龙类纱线，未加...,4533,千克,0,—,85033
54024600,部分定向聚酯纱线，未...,1877185,千克,0,—,1136202
54024700,其他聚酯纱线，捻度≤...,1241296,千克,0,—,2166529
54024800,聚丙烯长丝单纱(弹性...,147678,千克,0,—,242423
54024910,断裂强度不小于22厘...,33321,千克,0,—,159370
54024990,其他合成纤维长丝单纱...,624375,千克,0,—,3901045
54025110,聚酰胺-6(尼龙-6...,72325,千克,0,—,261549
54025120,尼龙-6，6纱线，捻...,26459,千克,0,—,135504
54025190,其他尼龙或其他聚酰胺...,290,千克,0,—,2294
54025200,聚酯纱线，捻度＞50...,94210,千克,0,—,652017
54025300,聚丙烯长丝单纱，捻度...,81,千克,0,—,3181
54025920,断裂强度不小于22厘...,17,千克,0,—,111493
54025990,其他合成纤维长丝单纱...,1890,千克,0,—,38138
54026110,聚酰胺-6（尼龙-6...,55904,千克,0,—,279653
54026120,聚酰胺-6，6（尼龙...,79269,千克,0,—,527898
54026130,芳香族聚酰胺多股纱线...,2062,千克,0,—,159239
54026190,其他尼龙或聚酰胺多股...,31416,千克,0,—,235744
54026200,聚酯多股纱线或缆线,313671,千克,0,—,696903
54026300,聚丙烯多股纱线或缆线,8732,千克,0,—,28970
54026920,氨纶长丝多股纱线或缆...,3459,千克,0,—,28269
54026990,未列名合成纤维长丝多...,13664,千克,0,—,505564
54031000,粘胶纤维高强力纱,660,千克,0,—,7739
54033190,粘胶纤维单纱，未加捻...,1371,千克,0,—,13232
54033290,其他粘胶纤维单纱，捻...,1,千克,0,—,72
54033310,二醋酸纤维丝束,1997383,千克,0,—,9873114
54033390,其他醋酸纤维单纱,29768,千克,0,—,229789
54033900,其他人造纤维长丝单纱,198967,千克,0,—,2720343
54034100,粘胶纤维多股纱线或缆...,63769,千克,0,—,216894
54034200,醋酸纤维多股纱线或缆...,12338,千克,0,—,125118
54034900,未列名人造纤维长丝多...,53530,千克,0,—,169849
54041100,合纤弹性单丝，截面尺...,176195,千克,0,—,1648993
54041200,聚丙烯单丝，截面尺寸...,4692,千克,0,—,24055
54041900,其他合纤单丝，截面尺...,734488,千克,0,—,7387951
54049000,表观宽度≤5mm的合...,46310,千克,0,—,341536
54050000,截面≤1mm，细≥6...,82026,千克,0,—,975073
54060010,合成纤维长丝纱线，供...,860,千克,0,—,31751
54060020,人造纤维长丝纱线，供...,1413,千克,0,—,35257
54071010,尼龙或其他聚酰胺高强...,304486,米,105306,千克,1207616
54071020,聚酯高强力纱制的机织...,161030,米,17345,千克,286865
54072000,合成纤维长丝扁条及类...,3647892,米,510584,千克,1264381
54073000,纱线交叉点用粘合剂或...,151038,米,504,千克,64636
54074100,尼龙等聚酰胺长丝≥8...,10568541,米,2016328,千克,6907179
54074200,尼龙等聚酰胺长丝≥8...,4166077,米,529930,千克,13844509
54074300,尼龙等聚酰胺长丝≥8...,91367,米,17643,千克,451657
54074400,尼龙等聚酰胺长丝≥8...,88381,米,9130,千克,394986
54075100,聚酯变形长丝≥85％...,1151279,米,197650,千克,866825
54075200,聚酯变形长丝≥85％...,3175059,米,631353,千克,7616894
54075300,聚酯变形长丝≥85％...,128018,米,43149,千克,785828
54075400,聚酯变形长丝≥85％...,794246,米,151533,千克,1702142
54076100,含聚酯非变形长丝≥8...,8854974,米,1560852,千克,22272042
54076900,其他含聚酯长丝≥85...,1172819,米,238495,千克,2696833
54077100,含其他合纤长丝≥85...,623408,米,162157,千克,498041
54077200,含其他合成纤维长丝≥...,646872,米,128024,千克,2451668
54077300,含其他合成纤维长丝≥...,216169,米,68880,千克,762173
54077400,含其他合成纤维长丝≥...,510743,米,90163,千克,343491
54078100,含合纤长丝＜85％，...,180749,米,29143,千克,99239
54078200,合成纤维长丝＜85％...,701952,米,189875,千克,1961700
54078300,合成纤维长丝＜85％...,42334,米,13503,千克,264530
54078400,合成纤维长丝＜85％...,3168,米,1181,千克,11215
54079100,其他合成纤维长丝未漂...,11166,米,2796,千克,32437
54079200,其他合成纤维长丝染色...,467593,米,128517,千克,2569350
54079300,其他合成纤维长丝色织...,178844,米,62515,千克,1282613
54079400,其他合成纤维长丝印花...,14387,米,1790,千克,56064
54081000,粘胶纤维高强力纱的布,1689,米,346,千克,4144
54082110,含粘胶长丝≥85%未...,105,米,30,千克,13123
54082120,含醋酸长丝≥85%未...,251,米,57,千克,2546
54082190,含其他人造长丝等≥8...,20360,米,3553,千克,56506
54082210,含胶粘长丝≥85%染...,64214,米,15375,千克,340627
54082220,含醋酸长丝≥85%染...,99207,米,20091,千克,612812
54082290,含其他人造长丝、扁条...,216471,米,27634,千克,899059
54082310,含粘胶纤维长丝≥85...,8398,米,1513,千克,46072
54082320,含醋酸纤维长丝≥85...,7478,米,953,千克,18264
54082390,含其他人造长丝、扁条...,12561,米,2396,千克,63486
54082410,含粘胶纤维长丝≥85...,6573,米,1107,千克,103317
54082490,含其他人造长丝、扁条...,4043,米,686,千克,34715
54083100,其他人造纤维长丝未漂...,708,米,163,千克,7688
54083200,其他人造纤维长丝染色...,397550,米,115548,千克,3359334
54083300,其他人造纤维长丝色织...,41723,米,12540,千克,487795
54083400,其他人造纤维长丝印花...,3262,米,697,千克,30849
55011000,尼龙或其他聚酰胺长丝...,94965,千克,0,—,325021
55012000,聚酯长丝丝束,78753,千克,0,—,232126
55013000,聚丙烯腈或变性聚丙烯...,960672,千克,0,—,1174286
55014000,聚丙烯长丝丝束,320778,千克,0,—,804550
55019000,其他合成纤维长丝丝束,50055,千克,0,—,64472
55021010,二醋酸纤维长丝丝束,2652767,千克,0,—,11705933
55029000,其他人造纤维长丝丝束,49898,千克,0,—,80480
55031110,聚间苯二甲酰间苯二胺...,314958,千克,0,—,4969478
55031120,聚对苯二甲酰对苯二胺...,57740,千克,0,—,1745000
55031190,其他芳香族聚酰胺短纤...,18270,千克,0,—,200468
55031900,尼龙等聚酰胺短纤，未...,673821,千克,0,—,3000975
55032000,聚酯短纤，未梳或未经...,17443563,千克,0,—,16271071
55033000,聚丙烯腈及其变性短纤...,3388547,千克,0,—,9483586
55034000,聚丙烯短纤，未梳或未...,513253,千克,0,—,1028774
55039010,聚苯硫醚制短纤，未梳...,507128,千克,0,—,3914578
55039090,其他合成纤维短纤，未...,12861262,千克,0,—,26216329
55041010,竹制粘胶纤维短纤，未...,2100,千克,0,—,41370
55041021,阻燃的木制粘胶纤维短...,257214,千克,0,—,1572203
55041029,其他木制粘胶纤维短纤...,7891842,千克,0,—,9931071
55041090,其他粘胶纤维短纤，未...,647381,千克,0,—,2186571
55049000,其他人造纤维短纤，未...,4313573,千克,0,—,12175793
55061090,尼龙或其他聚酰胺短纤...,7334,千克,0,—,400765
55062000,聚酯短纤，已梳或经其...,82626,千克,0,—,924435
55063000,聚丙烯腈或变性聚丙烯...,240330,千克,0,—,217887
55069090,其他合成纤维短纤，已...,8150,千克,0,—,60785
55070000,人造纤维短纤，已梳或...,62630,千克,0,—,168634
55081000,合成纤维短纤缝纫线,15275,千克,0,—,182540
55082000,人造纤维短纤缝纫线,3685,千克,0,—,43555
55091100,尼龙或其他聚酰胺短纤...,12069,千克,0,—,78828
55091200,尼龙等聚酰胺短纤≥8...,11196,千克,0,—,164742
55092100,聚酯短纤≥85%的单...,128490,千克,0,—,371881
55092200,聚酯短纤≥85%的多...,91597,千克,0,—,241388
55093100,聚丙烯腈或变性聚丙烯...,11337,千克,0,—,114689
55093200,聚丙烯腈及其变性短纤...,117482,千克,0,—,582849
55094100,其他合成纤维短纤≥8...,77399,千克,0,—,740331
55094200,其他合成纤维短纤≥8...,8933,千克,0,—,65023
55095100,聚酯短纤＜85%主要...,48591,千克,0,—,143883
55095200,聚酯短纤＜85%主要...,4449,千克,0,—,83108
55095300,聚酯短纤＜85%主要...,484078,千克,0,—,1002258
55095900,聚酯短纤＜85%与其...,11239,千克,0,—,85244
55096100,聚丙烯腈及其变性短纤...,101052,千克,0,—,780084
55096200,聚丙烯腈及其变性短纤...,6258,千克,0,—,51288
55096900,聚丙烯腈及变性短纤＜...,578165,千克,0,—,3587443
55099100,其他合成短纤＜85%...,134804,千克,0,—,1577340
55099200,其他合成短纤＜85%...,13585,千克,0,—,64302
55099900,其他合成短纤＜85%...,181903,千克,0,—,948318
55101100,人造纤维短纤≥85%...,819122,千克,0,—,2664017
55101200,人造纤维短纤≥85%...,87522,千克,0,—,329692
55102000,人造纤维短纤＜85%...,17085,千克,0,—,94526
55103000,人造纤维短纤＜85%...,856,千克,0,—,4887
55109000,人造纤维短纤＜85%...,296873,千克,0,—,1762146
55111000,合成纤维短纤≥85%...,46,千克,0,—,1161
55112000,合成纤维短纤＜85%...,528,千克,0,—,11122
55113000,人造纤维短纤纱线，供...,145,千克,0,—,8412
55121100,聚酯短纤≥85%未漂...,340499,米,65224,千克,414776
55121900,其他含聚酯短纤≥85...,3185354,米,669436,千克,8027127
55122100,聚丙烯腈及其变性短纤...,5435,米,2314,千克,34344
55122900,其他聚丙烯腈及其变性...,200150,米,77934,千克,1350123
55129100,其他合成纤维短纤≥8...,16803,米,2601,千克,197205
55129900,未列名合成纤维短纤≥...,213593,米,53441,千克,704121
55131110,聚酯短纤＜85%棉混...,394147,米,64976,千克,141194
55131120,聚酯短纤＜85%棉混...,199010,米,39139,千克,139251
55131210,聚酯短纤＜85%棉混...,2077,米,343,千克,2072
55131220,聚酯短纤＜85%棉混...,22533,米,4069,千克,44373
55131310,其他聚酯短纤＜85%...,499320,米,138383,千克,397174
55131320,其他聚酯短纤＜85%...,2958,米,440,千克,5615
55131900,其他合短纤＜85%棉...,13922,米,2302,千克,45446
55132100,聚酯短纤＜85%棉混...,480156,米,64576,千克,824810
55132310,聚酯短纤＜85%棉混...,78035,米,16283,千克,208273
55132390,其他聚酯短纤＜85%...,46530,米,7708,千克,93744
55132900,其他合成短纤＜85%...,12873,米,2597,千克,48668
55133100,聚酯短纤＜85%棉混...,26583,米,3885,千克,69121
55133910,聚酯短纤＜85%棉混...,6166,米,836,千克,11818
55133920,其他聚酯短纤＜85%...,16963,米,3330,千克,37307
55133990,其他合成短纤＜85%...,1771,米,265,千克,15950
55134100,聚酯短纤＜85%棉混...,23933,米,4034,千克,55685
55134910,聚酯短纤＜85%棉混...,6385,米,1093,千克,4409
55134920,其他聚酯短纤＜85%...,9966,米,1865,千克,13129
55141110,聚酯短纤＜85%棉混...,8557,米,3227,千克,15560
55141120,聚酯短纤＜85%棉混...,71044,米,25854,千克,142757
55141210,聚酯短纤＜85%棉混...,182953,米,72488,千克,229284
55141220,聚酯短纤＜85%棉混...,100812,米,32591,千克,142251
55141911,其他聚酯短纤＜85%...,280147,米,104653,千克,285805
55141990,其他合成短纤＜85%...,967,米,369,千克,3579
55142100,聚酯短纤＜85%棉混...,215831,米,63688,千克,740863
55142200,聚酯短纤＜85%棉混...,386854,米,125587,千克,1118944
55142300,其他聚酯短纤＜85%...,69453,米,26843,千克,213151
55142900,其他合成短纤＜85%...,29666,米,9243,千克,161948
55143010,聚酯短纤＜85%棉混...,16520,米,6684,千克,273989
55143020,聚酯短纤＜85%棉混...,14240,米,4104,千克,36822
55143030,其他聚酯短纤＜85%...,4190,米,2041,千克,17033
55143090,其他合成短纤＜85%...,5152,米,2823,千克,71792
55144300,其他聚酯短纤＜85%...,55021,米,15153,千克,176067
55151100,聚酯短纤＜85%主要...,187650,米,58560,千克,1010125
55151200,聚酯短纤＜85%主要...,234839,米,98195,千克,866321
55151300,聚酯短纤＜85%主要...,171598,米,53219,千克,1490515
55151900,聚酯短纤＜85%与其...,96266,米,24741,千克,516186
55152100,聚丙烯腈及变性短纤＜...,5035,米,1733,千克,34623
55152200,聚丙烯腈及其变性短纤...,6721,米,2822,千克,61246
55152900,聚丙烯腈及变性短纤＜...,8871,米,3866,千克,95790
55159100,其他合成短纤＜85%...,172,米,29,千克,1445
55159900,其他合成纤维短纤＜8...,17698,米,7693,千克,182114
55161100,人造纤维短纤≥85%...,29060,米,4704,千克,50571
55161200,人造纤维短纤≥85%...,190983,米,35754,千克,607613
55161300,人造纤维短纤≥85%...,49813,米,13421,千克,192568
55161400,人造纤维短纤≥85%...,20558,米,2679,千克,71158
55162100,人造短纤＜85%与化...,108,米,31,千克,973
55162200,人造短纤＜85%与化...,112539,米,24099,千克,486868
55162300,人造短纤＜85%与化...,8070,米,2485,千克,54449
55162400,人造短纤＜85%与化...,2088,米,268,千克,21895
55163100,人造短纤＜85%与毛...,273,米,70,千克,918
55163200,人造纤维短纤＜85%...,10672,米,2985,千克,45916
55163300,人造纤维短纤＜85%...,2971,米,1085,千克,31943
55164100,人造短纤＜85%与棉...,5748,米,1998,千克,23841
55164200,人造纤维短纤＜85%...,24893,米,5315,千克,119650
55164300,人造纤维短纤＜85%...,13640,米,4867,千克,80380
55169100,人造短纤＜85%与其...,6881,米,1123,千克,108592
55169200,人造纤维短纤＜85%...,38690,米,9781,千克,205465
55169300,人造纤维短纤＜85%...,19599,米,9556,千克,113960
55169400,人造纤维短纤＜85%...,126,米,23,千克,2081
56012100,棉制絮胎及其制品,279305,千克,0,—,2716202
56012210,化纤制卷烟滤嘴,235763,千克,0,—,2589643
56012290,化纤制其他絮胎及其制...,338881,千克,0,—,3455982
56012900,其他纤维制絮胎及其制...,10420,千克,0,—,60498
56013000,纤维屑、纤维粉末及球...,446027,千克,0,—,2679450
56021000,针刺机制毡呢及纤维缝...,176048,千克,0,—,1726787
56022100,羊毛或动物细毛制其他...,8521,千克,0,—,377408
56022900,其他纺织材料制毡呢，...,7821,千克,0,—,218548
56029000,未列名毡呢,200837,千克,0,—,1767851
56031110,浸涂、覆盖的化纤长丝...,920066,千克,0,—,2811667
56031190,其他化纤长丝制无纺织...,1331002,千克,0,—,4982831
56031210,浸涂的化纤长丝无纺织...,685483,千克,0,—,4028057
56031290,其他化纤长丝制无纺织...,4011237,千克,0,—,23526867
56031310,浸涂化纤长丝无纺织物...,669902,千克,0,—,5065297
56031390,其他化纤长丝无纺织物...,1094205,千克,0,—,5898651
56031410,浸涂、覆盖化纤长丝无...,252706,千克,0,—,3080173
56031490,其他化纤长丝制无纺织...,235984,千克,0,—,4708430
56039110,浸涂、覆盖其他材料制...,275737,千克,0,—,473323
56039190,其他材料制未浸涂无纺...,1091468,千克,0,—,4800392
56039210,浸涂的其他材料无纺织...,378854,千克,0,—,2847492
56039290,未浸涂其他材料无纺织...,2451577,千克,0,—,14895230
56039310,浸涂的其他材料制无纺...,367814,千克,0,—,3406913
56039390,未浸涂其他材料制无纺...,696398,千克,0,—,4563589
56039410,浸涂覆压其他材料制无...,541954,千克,0,—,8290593
56039490,未浸涂覆其他材料制无...,373046,千克,0,—,3763323
56041000,用纺织材料包覆的橡胶...,31708,千克,0,—,464162
56049000,其他橡或塑涂包覆纺织...,33554,千克,0,—,906482
56050000,含金属纱线,61942,千克,0,—,838550
56060000,粗松螺旋花线；绳绒线...,165510,千克,0,—,1812646
56072100,龙舌兰类纤维纺制的包...,38,千克,0,—,590
56072900,龙舌兰类纤维纺制的其...,2,千克,0,—,178
56074100,聚乙烯或聚丙烯纺制的...,57784,千克,0,—,557230
56074900,聚乙烯或聚丙烯纺制的...,176534,千克,0,—,805051
56075000,其他合成纤维纺制的线...,449700,千克,0,—,5220409
56079010,蕉麻等硬质（叶）纤维...,3,千克,0,—,250
56079090,未列名纤维纺制的线、...,51875,千克,0,—,437841
56081100,化纤材料制成的渔网,185806,千克,0,—,1086913
56081900,化纤材料制成的网料及...,187816,千克,0,—,1032092
56089000,其他纤维制成的网料、...,10039,千克,0,—,158516
56090000,纱线、5404或54...,53336,千克,0,—,995870
57011000,毛制结织栽绒地毯等结...,17183,千克,5945,平方米,238517
57019010,化纤结织栽绒地毯等结...,12349,千克,3548,平方米,105294
57019020,丝制结织栽绒地毯等结...,328,千克,49,平方米,24350
57019090,未列名纺材结织栽绒地...,649,千克,421,平方米,6679
57021000,开来姆、苏麦克、卡拉...,1619,千克,1006,平方米,25840
57022000,椰壳纤维制的铺地制品...,63228,千克,18197,平方米,87295
57023100,毛制起绒结构的铺地制...,464,千克,370,平方米,18889
57024100,毛制起绒结构的铺地制...,21732,千克,9209,平方米,108414
57024200,化纤制起绒结构的铺地...,433194,千克,175671,平方米,1465259
57024900,其他纺织材料制起绒结...,695,千克,934,平方米,9307
57025010,毛制非起绒结构的铺地...,120,千克,20,平方米,2609
57029100,毛制非起绒结构的铺地...,8839,千克,3637,平方米,82259
57029200,化纤制非起绒结构的铺...,7467,千克,4721,平方米,74581
57029900,其他纺织材料制非起绒...,128947,千克,72420,平方米,380334
57031000,毛制簇绒地毯及其他簇...,32734,千克,9267,平方米,311571
57032000,尼龙等聚酰胺簇绒地毯...,212543,千克,85399,平方米,988294
57033000,其他化纤簇绒地毯及其...,92012,千克,41389,平方米,326444
57039000,其他纺织材料簇绒地毯...,5344,千克,3480,平方米,114010
57049000,毡呢地毯等铺地制品，...,3500,千克,1114,平方米,16163
57050010,羊毛或动物细毛制未列...,1174,千克,284,平方米,136498
57050020,化纤制未列名地毯及铺...,30374,千克,20744,平方米,316380
57050090,其他纺织材料制未列名...,47385,千克,9905,平方米,161085
58011000,羊毛或动物细毛制起绒...,2602,米,3228,千克,59903
58012100,棉制不割绒的纬起绒织...,253,米,88,千克,2375
58012200,棉制割绒的灯芯绒,136202,米,43082,千克,636094
58012300,棉制其他纬起绒织物,11789,米,5755,千克,336340
58012710,棉制不割绒的经起绒织...,553,米,212,千克,15253
58012720,棉制割绒的经起绒织物,23371,米,10808,千克,187070
58013100,化纤制不割绒的纬起绒...,9674,米,3397,千克,44740
58013200,化纤制割绒的灯芯绒,4906,米,1899,千克,56311
58013300,化纤制其他纬起绒织物,56018,米,25896,千克,214093
58013600,化纤制绳绒织物,19412,米,10477,千克,158761
58013710,化纤制不割绒的经起绒...,18789,米,5536,千克,66892
58013720,化纤制割绒的经起绒织...,43330,米,19013,千克,622216
58019010,丝及绢丝制起绒及绳绒...,13,米,16,千克,2448
58019090,未列名纺织材料制起绒...,2300,米,696,千克,11676
58021100,棉制未漂白毛巾织物及...,4264,米,2178,千克,18875
58021900,其他棉制毛巾织物及类...,34678,米,23840,千克,180129
58022030,化纤制毛巾织物及类似...,31389,米,15546,千克,121716
58023020,羊毛或动物细毛制簇绒...,4210,米,1166,千克,39246
58023030,棉或麻制簇绒织物,1731,米,903,千克,19615
58023040,化纤制簇绒织物,29181,米,18471,千克,633801
58030010,棉制纱罗,5,米,1,千克,109
58030030,化纤制纱罗,13309,米,2153,千克,45150
58041020,棉制网眼薄纱及其他网...,543,千克,0,—,23958
58041030,化纤制网眼薄纱及其他...,128116,千克,0,—,1760070
58041090,其他纺织材料制网眼薄...,3289,千克,0,—,52899
58042100,化纤制机制花边,54135,千克,0,—,2406163
58042920,棉制机制花边,451,千克,0,—,34372
58042990,未列名纺织材料制机制...,4,千克,0,—,3038
58043000,手工制花边,66,千克,0,—,6938
58050010,手工针绣嵌花装饰毯,3,平方米,5,千克,44
58050090,“哥白林”，“弗朗德...,5,平方米,32,千克,5554
58061010,棉或麻制狭幅起绒机织...,79,千克,0,—,5132
58061090,其他纺织材料制狭幅起...,32855,千克,0,—,949665
58062000,含弹性纱线或橡胶线≥...,115593,千克,0,—,2167441
58063100,棉制未列名狭幅机织物,5749,千克,0,—,281595
58063200,化纤制未列名狭幅机织...,564168,千克,0,—,7901961
58063910,丝及绢丝制未列名狭幅...,30,千克,0,—,2006
58063920,羊毛或动物细毛制未列...,43,千克,0,—,2071
58063990,其他纺织材料制未列名...,1517,千克,0,—,20745
58064010,棉或麻制粘合成的有经...,26,千克,0,—,668
58064090,其他纺织材料制粘合成...,20238,千克,0,—,98656
58071000,机织的纺织材料制非绣...,51478,千克,0,—,3654905
58079000,非机织的纺织材料制非...,2021,千克,0,—,171360
58081000,成匹的编带,18810,千克,0,—,370699
58089000,其他非绣制的成匹装饰...,5429,千克,0,—,174161
58090010,衣着等用途金属线及含...,1009,米,19,千克,4280
58090020,衣着等用途金属线及含...,22353,米,2799,千克,27254
58090090,衣着等用金属线及含金...,659,米,281,千克,14340
58101000,不见底布的刺绣品,5057,千克,0,—,369231
58109100,其他棉制刺绣品,483,千克,0,—,43661
58109200,其他化纤制刺绣品,13781,千克,0,—,894418
58109900,其他纺织材料制刺绣品,127,千克,0,—,150336
58110020,毛制纺织材料与胎料组...,9,千克,0,—,423
58110030,棉制纺织材料与胎料组...,383,千克,0,—,7736
58110040,化纤制纺织材料与胎料...,100866,千克,0,—,1447957
58110090,其他纺织材料与胎料组...,17,千克,0,—,202
59011010,涂胶或淀粉的棉或麻织...,2596,千克,0,—,39331
59011020,涂胶或淀粉的化纤纺织...,3699,千克,0,—,24867
59019010,制成的油画布,115309,千克,0,—,337767
59019091,棉或麻制描图布、作帽...,34986,千克,0,—,267773
59019092,化纤制描图布、作帽里...,39616,千克,0,—,548412
59019099,其他纤维描图布、作帽...,368,千克,0,—,26231
59021010,聚酰胺-6（尼龙-6...,77306,千克,0,—,324241
59021020,聚酰胺-6，6（尼龙...,377445,千克,0,—,2081792
59021090,其他尼龙或其他聚酰胺...,46085,千克,0,—,723909
59022000,聚酯高强力纱制帘子布,234302,千克,0,—,677807
59029000,粘胶纤维高强力纱制帘...,280206,千克,0,—,2053260
59031010,聚氯乙烯浸涂、包覆或...,914,千克,0,—,24589
59031020,聚氯乙烯浸渍、涂布、...,978887,千克,995420,米,9035941
59031090,其他聚氯乙烯浸涂、包...,422451,千克,0,—,2758120
59032010,聚氨基甲酸酯浸涂、包...,16189,千克,0,—,452970
59032020,聚氨基甲酸酯浸涂、包...,538929,千克,862580,米,10288082
59032090,其他聚氨基甲酸酯浸涂...,1293275,千克,0,—,18747127
59039010,其他塑料浸涂、包覆或...,15258,千克,0,—,244494
59039020,其他塑料浸涂、包覆或...,39305,千克,85676,米,927894
59039090,其他塑料浸涂、包覆或...,1449924,千克,0,—,11527520
59041000,列诺伦（亚麻油地毡）,138312,千克,47039,平方米,294927
59049000,以其他纺织物为底布经...,523,千克,343,平方米,1448
59050000,糊墙织物,9171,千克,34064,平方米,213592
59061010,用橡胶处理的纺织物胶...,174247,千克,0,—,2078085
59061090,用橡胶处理的其他纺织...,111021,千克,0,—,1039696
59069100,用橡胶处理的针织或钩...,16600,千克,0,—,292784
59069910,其他用橡胶处理的非针...,153730,千克,0,—,1297350
59069990,未列名用橡胶处理的非...,229700,千克,0,—,2835901
59070010,用其他材料浸渍、涂布...,2153,千克,0,—,49575
59070020,用其他材料浸渍、涂布...,2231,千克,0,—,11942
59070090,用其他材料浸渍、涂布...,169900,千克,0,—,3696057
59080000,纺织材料制灯芯、炉芯...,2948,千克,0,—,81886
59090000,纺织材料制的水龙软管...,2179,千克,0,—,83865
59100000,纺织材料制的传动带或...,326572,千克,0,—,3341845
59111010,橡胶浸渍的包覆纺缍（...,18552,千克,0,—,68886
59111090,橡胶、皮革等涂覆或层...,55255,千克,0,—,1652296
59112000,筛布，不论是否制成的,127300,千克,0,—,6259401
59113100,造纸机等用环状或有联...,14886,千克,0,—,2521063
59113200,造纸机等用环状或有联...,127435,千克,0,—,6808812
59114000,榨油机器或类似机器的...,137948,千克,0,—,1716910
59119000,未列名作专门技术用途...,423318,千克,0,—,19870086
60011000,针织或钩编的“长毛绒...,107903,米,68062,千克,542384
60012100,棉制针织或钩编的毛圈...,752422,米,392332,千克,3464610
60012200,化纤制针织或钩编的毛...,136942,米,35594,千克,303209
60012900,其他纺织材料制针织或...,2802,米,1949,千克,75412
60019100,棉制针织或钩编的其他...,633702,米,314302,千克,2294915
60019200,化纤制针织或钩编的其...,3926641,米,1365512,千克,12128298
60019900,其他纺织材料制针织或...,1515,米,738,千克,13043
60024010,棉针织钩编物，宽≤3...,335,米,59,千克,1080
60024030,合纤针织钩编物，宽≤...,5613299,米,17063,千克,255917
60024090,其他针织钩编织物，宽...,6678,米,698,千克,4728
60029010,棉针织钩编织物，宽≤...,180,米,6,千克,55
60029020,丝针织钩编织物，宽≤...,1,米,1,千克,30
60029030,合纤针织钩编织物，宽...,1165611,米,14065,千克,157913
60029090,其他针织物钩编织物宽...,665395,米,7417,千克,50471
60031000,毛针织钩编织物，宽≤...,15920,米,682,千克,92956
60032000,棉针织钩编织物，宽≤...,295755,米,13258,千克,69871
60033000,合纤针织钩编物，宽≤...,1888899,米,18470,千克,405449
60034000,人纤针织钩编物，宽≤...,210,米,1,千克,102
60039000,其他针织钩编物，宽≤...,4314,米,35,千克,4147
60041010,棉针织或钩编物，宽＞...,616499,米,222400,千克,2192108
60041030,合纤针织钩编物，宽＞...,4672298,米,1362367,千克,17850447
60041040,人纤针织钩编物，宽＞...,233694,米,70511,千克,848425
60041090,其他针织钩编物，宽＞...,3560,米,926,千克,22274
60049010,其他棉针织钩编物，宽...,788,米,212,千克,8103
60049030,合纤针织钩编物，宽＞...,58367,米,16405,千克,206714
60049040,人纤针织钩编物，宽＞...,7388,米,2821,千克,14758
60049090,其他针织钩编物，宽＞...,685,米,368,千克,1337
60052200,棉制染色经编织物,79632,米,27448,千克,290123
60052300,棉制色织经编织物,2287,米,377,千克,21062
60053500,60章子目注释1所列...,19010,米,3987,千克,50914
60053600,其他合成纤维制未漂白...,4068171,米,175652,千克,1282080
60053700,其他合成纤维制染色经...,2730165,米,563591,千克,7331000
60053800,其他合成纤维制色织经...,73770,米,21789,千克,436947
60053900,其他合成纤维制印花经...,18029,米,3104,千克,75840
60054200,人造纤维制染色经编织...,15543,米,4173,千克,129699
60054400,人造纤维制印花经编织...,12856,米,1633,千克,15625
60059010,羊毛或动物细毛制经编...,8563,米,4767,千克,215474
60059090,其他纺织材料制经编织...,2737,米,670,千克,31569
60061000,羊毛或动物细毛制其他...,230971,米,65717,千克,2730568
60062100,棉制未漂白或漂白其他...,595398,米,195900,千克,875785
60062200,棉制染色其他针织或钩...,3747179,米,1521829,千克,11449205
60062300,棉制色织其他针织或钩...,109678,米,37215,千克,408879
60062400,棉制印花其他针织或钩...,144296,米,43533,千克,413345
60063100,合成纤维制未漂白或漂...,676700,米,204210,千克,1048746
60063200,合成纤维制染色其他针...,5965866,米,1652109,千克,16820645
60063300,合成纤维制色织其他针...,547795,米,178027,千克,2149435
60063400,合成纤维制印花其他针...,374103,米,104774,千克,1190416
60064100,人造纤维制未漂白或漂...,1478,米,414,千克,5398
60064200,人造纤维制染色其他针...,132023,米,40933,千克,762043
60064300,人造纤维制色织其他针...,72951,米,25187,千克,216798
60069000,未列名纺织材料制其他...,6990,米,2254,千克,59760
61012000,棉针织或钩编男大衣，...,13940,件,5214,千克,553844
61013000,化纤针织或钩编男大衣...,29941,件,17049,千克,1107040
61019010,毛针织或钩编男大衣，...,607,件,545,千克,348597
61019090,其他纺材针织钩编男大...,253,件,80,千克,18419
61021000,毛针织或钩编女大衣，...,3171,件,2518,千克,1306612
61022000,棉针织或钩编女大衣，...,7718,件,3196,千克,199305
61023000,化纤针织或钩编女大衣...,24723,件,14303,千克,931954
61029000,其他材料针织或钩女大...,373,件,179,千克,18726
61031010,毛制针织或钩编的男式...,10,套,10,千克,4342
61031020,合成纤维制针织或钩编...,21,套,21,千克,3220
61031090,其他纺织材料制针织或...,48,套,44,千克,4337
61032200,棉制针织或钩编的男式...,30762,套,7111,千克,147370
61032300,合成纤维制针织或钩编...,18800,套,5729,千克,79941
61032990,其他纺织材料制针织或...,33,套,7,千克,2475
61033100,毛制针织或钩编的男式...,1410,件,864,千克,382846
61033200,棉制针织或钩编的男式...,50750,件,28426,千克,807132
61033300,合成纤维制针织或钩编...,12641,件,6114,千克,216315
61033900,其他纺织材料制针织或...,883,件,297,千克,52826
61034100,毛制针织或钩编的男裤,2787,条,1184,千克,640547
61034200,棉制针织或钩编的男裤,647284,条,188743,千克,8618317
61034300,合成纤维制针织或钩编...,910405,条,228539,千克,10523569
61034900,其他纺织材料制针织或...,3907,条,1378,千克,150882
61041300,合成纤维制针织或钩编...,43,套,34,千克,4019
61041920,棉制针织或钩编的女式...,1,套,1,千克,8
61042200,棉制针织或钩编的女式...,33098,套,6864,千克,127662
61042300,合成纤维制针织或钩编...,38964,套,12355,千克,175814
61042990,其他纺织材料制针织或...,23,套,14,千克,2256
61043100,毛制针织或钩编的女式...,2197,件,1130,千克,391881
61043200,棉制针织或钩编的女式...,43006,件,18443,千克,431773
61043300,合成纤维制针织或钩编...,58948,件,18469,千克,466817
61043900,其他纺织材料制针织或...,1749,件,755,千克,152911
61044100,毛制针织或钩编的女式...,6416,件,2489,千克,1379362
61044200,棉制针织或钩编的女式...,652439,件,161314,千克,4816020
61044300,合成纤维制针织或钩编...,115325,件,36445,千克,1761363
61044400,人造纤维制针织或钩编...,76712,件,28729,千克,2151657
61044900,其他纺织材料制针织或...,972,件,370,千克,273222
61045100,毛制针织或钩编的女式...,1079,件,367,千克,362545
61045200,棉制针织或钩编的女式...,22651,件,7484,千克,390853
61045300,合成纤维制针织或钩编...,65634,件,16552,千克,909419
61045900,其他纺织材料制针织或...,7050,件,2579,千克,505934
61046100,毛制针织或钩编的女裤,3456,条,1128,千克,578039
61046200,棉制针织或钩编的女裤,617270,条,144517,千克,3947543
61046300,合成纤维制针织或钩编...,499026,条,103892,千克,6085593
61046900,其他纺织材料制针织或...,19000,条,5333,千克,660285
61051000,棉制针织或钩编的男衬...,602420,件,152287,千克,18402849
61052000,化纤制针织或钩编的男...,164894,件,35064,千克,2292812
61059000,其他纺织材料制针织或...,5000,件,1338,千克,679175
61061000,棉制针织或钩编的女衬...,34640,件,10041,千克,897277
61062000,化纤制针织或钩编的女...,49297,件,11793,千克,579684
61069000,其他纺织材料制针织或...,829,件,227,千克,101994
61071100,棉制针织或钩编的男内...,440727,件,39660,千克,2018900
61071200,化纤制针织或钩编的男...,35117,件,4029,千克,199072
61071910,丝及绢丝制针织或钩编...,802,件,144,千克,12125
61071990,未列名纺织材料制针织...,73,件,9,千克,1186
61072100,棉制针织或钩编的男长...,13985,件,3617,千克,67545
61072200,化纤制针织或钩编的男...,8888,件,2521,千克,51577
61072910,丝及绢丝制针织或钩编...,51,件,7,千克,5788
61079100,棉制针织或钩编的男浴...,35609,件,2046,千克,69667
61079910,化纤制针织或钩编的男...,736,件,115,千克,2723
61081100,化纤制针织或钩编的女...,975,件,118,千克,5828
61081910,棉制针织或钩编的女衬...,41,件,3,千克,920
61081920,丝及绢丝制针织或钩编...,78,件,7,千克,1858
61082100,棉制针织或钩编的女三...,501722,件,16451,千克,738570
61082200,化纤制针织或钩编的女...,380236,件,9362,千克,906085
61082910,丝及绢丝制针织或钩编...,68,件,11,千克,1336
61083100,棉制针织或钩编的女睡...,84169,件,17347,千克,359227
61083200,化纤制针织或钩编的女...,67350,件,17249,千克,332891
61083910,丝及绢丝制针织或钩编...,15,件,2,千克,826
61083990,未列名纺材制针织或钩...,1,件,0,千克,654
61089100,棉制针织或钩编的女浴...,71717,件,4356,千克,252633
61089200,化纤制针织或钩编女浴...,101879,件,16386,千克,713616
61089900,其他纺材制针织或钩编...,1,件,0,千克,168
61091000,棉制针织或钩编的Ｔ恤...,7638125,件,1350406,千克,69906487
61099010,丝及绢丝制针织或钩编...,1856,件,441,千克,191789
61099090,未列名纺材制针织或钩...,2403456,件,348400,千克,20473185
61101100,羊毛制针织钩编套头衫...,241723,件,74041,千克,12256268
61101200,喀什米尔山羊细毛制针...,53267,件,14462,千克,5869716
61101910,其他山羊细毛制针织钩...,7849,件,3440,千克,3055185
61101920,兔毛制针织钩编套头衫...,115,件,40,千克,18531
61101990,其他细毛制针织钩编套...,2028,件,691,千克,322046
61102000,棉制针织钩编的套头衫...,3118875,件,1158235,千克,35975634
61103000,化纤制针织钩编套头衫...,1713465,件,617215,千克,16944681
61109010,丝及绢丝针织钩编套头...,7030,件,2477,千克,2563905
61109090,其他纺材针织钩编套头...,4800,件,1410,千克,323392
61112000,棉制针织或钩编的婴儿...,122778,千克,0,—,2968191
61113000,合成纤维制针织或钩编...,18513,千克,0,—,436598
61119010,毛制针织或钩编的婴儿...,205,千克,0,—,30764
61119090,其他材料制针织或钩编...,614,千克,0,—,52952
61121100,棉制针织或钩编的运动...,3371,套,2592,千克,66409
61121200,合成纤维制针织或钩编...,66770,套,27696,千克,959545
61121900,其他纺织材料制针织或...,19,套,11,千克,1259
61123100,合成纤维制针织或钩编...,4247,件,632,千克,46503
61123900,其他纺织材料制针织或...,14,件,2,千克,497
61124100,合成纤维制针织或钩编...,70823,件,6880,千克,487270
61124900,其他纺织材料制针织或...,79,件,8,千克,421
61130000,5903、5906或...,10449,件,6190,千克,385718
61142000,棉制针织或钩编的其他...,331679,件,77165,千克,1766630
61143000,化纤制针织或钩编的其...,206003,件,45813,千克,2147162
61149010,毛制针织或钩编的其他...,2145,件,992,千克,557952
61149090,其他纺织材料制针织或...,843,件,198,千克,128754
61151000,渐紧压袜类,202948,双,18040,千克,1429237
61152100,合纤针或钩织连裤及紧...,45839,双,2234,千克,105423
61152200,合纤针或钩织连裤及紧...,74369,双,4545,千克,106938
61152910,棉制针织或钩编的连裤...,13654,双,1441,千克,37538
61152990,未列名纺织材料针织或...,2242,双,417,千克,44397
61153000,其他女式长统袜及中统...,17425,双,1283,千克,35286
61159400,毛制其他袜,91534,双,3740,千克,156734
61159500,棉制其他袜,3854021,双,126834,千克,2562148
61159600,合成纤维制其他袜,1134486,双,52841,千克,1601753
61159900,其他纺织材料制其他袜,9945,双,579,千克,45922
61161000,用塑料或橡胶浸、涂或...,495174,双,28390,千克,654312
61169100,其他羊毛或动物细毛制...,4748,双,180,千克,24840
61169200,其他棉制针织或钩编的...,10949,双,465,千克,57066
61169300,其他合成纤维制针织或...,180888,双,12171,千克,925570
61169900,未列名纺织材料制针织...,321517,双,7518,千克,186262
61171011,山羊绒制针织或钩编披...,17688,条,4267,千克,576409
61171019,其他动物细毛制针织或...,14,条,3,千克,3081
61171020,羊毛制针织或钩编披巾...,7136,条,1562,千克,256965
61171090,针织或钩编披巾、头巾...,29170,条,3089,千克,408277
61178010,针织或钩编的领带及领...,82,千克,625,条,38823
61178090,针织或钩编的其他衣着...,31496,千克,0,—,1219929
61179000,针织或钩编的服装或衣...,134343,千克,0,—,2108271
62011100,毛制男式大衣、雨衣、...,32754,件,47504,千克,3216308
62011210,棉制男式羽绒大衣,145,件,138,千克,49436
62011290,棉制男式未列名大衣、...,6198,件,6076,千克,779248
62011310,化纤制男式羽绒大衣,17794,件,22860,千克,2277722
62011390,化纤男式未列名大衣、...,16329,件,10739,千克,960549
62011900,其他纺织材料男式大衣...,962,件,540,千克,46279
62019100,毛制男式带风帽防寒短...,2584,件,2942,千克,1166234
62019210,棉制男式羽绒短上衣,688,件,992,千克,204930
62019290,未列名棉制男式带风帽...,13019,件,9454,千克,827779
62019310,化纤制男式羽绒短上衣,133556,件,82235,千克,9992582
62019390,未列名化纤男式带风帽...,242298,件,158070,千克,10551641
62019900,其他材料制男式带风帽...,3099,件,2408,千克,179155
62021100,毛制女式大衣、雨衣、...,25650,件,31221,千克,15986545
62021210,棉制女式羽绒大衣,601,件,884,千克,33820
62021290,未列名棉制女式大衣、...,24932,件,21271,千克,2857708
62021310,化纤制女式羽绒大衣,27775,件,25021,千克,5562865
62021390,未列名化纤女式大衣、...,20078,件,16809,千克,3824553
62021900,其他纺织材料制女式大...,1822,件,1295,千克,332306
62029100,毛制女式带风帽的防寒...,5141,件,5595,千克,532666
62029210,棉制女式羽绒短上衣,381,件,570,千克,140387
62029290,未列名棉制女式带风帽...,20673,件,16670,千克,1696334
62029310,化纤制女式羽绒短上衣,139464,件,64429,千克,8546248
62029390,未列名化纤女式带风帽...,150696,件,90055,千克,4471801
62029900,其他材料女式带风帽防...,276,件,163,千克,81878
62031100,毛制男式西服套装,5376,套,6848,千克,3962864
62031200,合成纤维制男式西服套...,6975,套,8376,千克,146855
62031910,丝及绢丝制男式西服套...,18,套,29,千克,21452
62031990,未列名纺织材料制男式...,26,套,29,千克,17070
62032200,棉制男式便服套装,7033,套,1577,千克,43930
62032300,合成纤维制男式便服套...,2406,套,1055,千克,31384
62032920,毛制男式便服套装,1,套,1,千克,1443
62032990,未列名纺织材料制男式...,2,套,1,千克,93
62033100,毛制男式上衣,29296,件,18681,千克,4942039
62033200,棉制男式上衣,21765,件,15609,千克,2246534
62033300,合成纤维制男式上衣,47058,件,19041,千克,1659934
62033910,丝及绢丝制男式上衣,86,件,69,千克,60882
62033990,未列名纺织材料制男式...,7631,件,4299,千克,680987
62034100,毛制男裤,37067,条,14746,千克,2890926
62034290,棉制其他男裤,1013776,条,435386,千克,19104094
62034310,合成纤维制阿拉伯裤,2,条,1,千克,84
62034390,合成纤维制其他男裤,1568129,条,351331,千克,16618057
62034910,其他纺织材料制阿拉伯...,35,条,8,千克,1710
62034990,其他纺织材料制其他男...,99224,条,34604,千克,2453935
62041100,毛制女式西服套装,47,套,60,千克,14423
62041200,棉制女式西服套装,46,套,10,千克,510
62041300,合成纤维制女式西服套...,1217,套,583,千克,99808
62041990,未列名纺织材料制女式...,1,套,1,千克,474
62042100,毛制女式便服套装,1,套,2,千克,541
62042200,棉制女式便服套装,4398,套,898,千克,23368
62042300,合成纤维制女式便服套...,16968,套,5923,千克,102441
62042910,丝及绢丝制女式便服套...,3,套,1,千克,700
62042990,未列名纺织材料制女式...,17,套,7,千克,1284
62043100,毛制女式上衣,9202,件,6559,千克,5774022
62043200,棉制女式上衣,461515,件,198626,千克,4320614
62043300,合成纤维制女式上衣,109207,件,49450,千克,1884912
62043910,丝及绢丝制女式上衣,3912,件,1006,千克,624766
62043990,未列名纺织材料制女式...,18541,件,9947,千克,1347433
62044100,毛制女式连衣裙,3765,件,2417,千克,2433393
62044200,棉制女式连衣裙,240714,件,70450,千克,7790816
62044300,合成纤维制女式连衣裙,269760,件,94595,千克,6597401
62044400,人造纤维制女式连衣裙,130000,件,38482,千克,5627788
62044910,丝及绢丝制女式连衣裙,12579,件,4499,千克,6130671
62044990,未列名纺织材料制女式...,27734,件,11087,千克,905146
62045100,细毛制女式裙子及裙裤,4022,件,1397,千克,1844704
62045200,棉制女式裙子及裙裤,237968,件,68695,千克,2580170
62045300,合成纤维制女式裙子及...,212907,件,73952,千克,3118023
62045910,丝及绢丝制女式裙子及...,2234,件,665,千克,953114
62045990,未列名纺织材料制女式...,31152,件,9726,千克,1278371
62046100,细毛制女裤,10192,条,5135,千克,2009130
62046200,棉制女裤,1433426,条,563553,千克,15219278
62046300,合成纤维制女裤,754377,条,206429,千克,9079407
62046900,其他纺织材料制女裤,171745,条,47647,千克,3844508
62052000,棉制男衬衫,469939,件,129768,千克,13686285
62053000,化纤制男衬衫,79751,件,20020,千克,1544496
62059010,丝及绢丝制男衬衫,1560,件,410,千克,581341
62059020,毛制男衬衫,680,件,292,千克,144444
62059090,未列名纺织材料制男衬...,59581,件,14481,千克,944016
62061000,丝及绢丝制女衬衫,15628,件,3731,千克,3764460
62062000,毛制女衬衫,623,件,139,千克,52176
62063000,棉制女衬衫,111749,件,24842,千克,4480423
62064000,化纤制女衬衫,133824,件,25263,千克,2161968
62069000,其他纺织材料制女衬衫,17607,件,3860,千克,355685
62071100,棉制男内裤,17904,件,1967,千克,105828
62071910,丝及绢丝制男内裤,114,件,7,千克,7424
62071920,化纤制男内裤,499,件,61,千克,8135
62071990,未列名纺织材料制男内...,403,件,126,千克,15185
62072100,棉制男睡衣及睡衣裤,6020,件,1789,千克,30650
62072200,化纤制男睡衣及睡衣裤,30090,件,3690,千克,53248
62072910,丝及绢丝制男睡衣及睡...,7,件,2,千克,763
62079100,棉制其他男内衣、浴衣...,2661,件,970,千克,40337
62079910,丝及绢丝制其他男内衣...,3,件,0,千克,148
62079920,化纤制其他男内衣、浴...,1669,件,394,千克,10829
62079990,未列名纺织材料制其他...,3,件,1,千克,45
62081100,化纤制女衬裙,1059,件,103,千克,30482
62081920,棉制女衬裙,768,件,68,千克,6974
62082100,棉制女睡衣及睡衣裤,11923,件,2535,千克,135777
62082200,化纤制女睡衣及睡衣裤,102893,件,21182,千克,509456
62082910,丝及绢丝制女睡衣及睡...,698,件,206,千克,209530
62089100,棉制其他女内衣、短衬...,10074,件,1667,千克,126801
62089200,化纤制其他女内衣、短...,39509,件,4118,千克,287389
62089910,丝及绢丝其他女内衣、...,1176,件,107,千克,97189
62089990,未列名材料其他女内衣...,279,件,47,千克,11272
62092000,棉制婴儿服装及衣着附...,8709,千克,0,—,460573
62093000,合成纤维制婴儿服装及...,4702,千克,0,—,152869
62099010,毛制婴儿服装及衣着附...,0,千克,0,—,239
62099090,其他纺织材料制婴儿服...,945,千克,0,—,36326
62101020,棉或麻毡呢或无纺织物...,3,件,5,千克,2688
62101030,化纤毡呢或无纺织物制...,1454581,件,240388,千克,6158168
62101090,其他纺织材料毡呢或无...,450,件,72,千克,2429
62102000,5903、06或07...,42348,件,53059,千克,908506
62103000,5903、06或07...,12914,件,12458,千克,450165
62104000,5903、5906或...,101194,件,86562,千克,4693333
62105000,5903、5906或...,55479,件,37858,千克,2054651
62111100,男式游泳服,8394,件,1463,千克,441364
62111200,女式游泳服,2664,件,513,千克,42027
62112090,其他纺织材料制滑雪套...,1284,套,1313,千克,107799
62113220,棉制其他男式运动服,75,套,79,千克,2267
62113290,棉制其他男式服装,40806,件,20805,千克,2312065
62113320,化学纤维制其他男式运...,8652,套,3678,千克,169017
62113390,化学纤维制其他男式服...,641210,件,215391,千克,15499413
62113910,丝及绢丝制其他男式服...,346,件,148,千克,234207
62113920,毛制其他男式服装,2133,件,1077,千克,1205822
62113990,未列名纺织材料制其他...,5513,件,1825,千克,99402
62114210,棉制其他女式运动服,253,套,111,千克,14057
62114290,棉制其他女式服装,169640,件,40835,千克,3019859
62114310,化纤制其他女式运动服,1663,套,1144,千克,39152
62114390,化纤制其他女式服装,632008,件,166788,千克,11066673
62114910,丝及绢丝制其他女式服...,6828,件,1856,千克,2076705
62114990,未列名纺织材料制其他...,28102,件,8306,千克,3154008
62121010,化纤制胸罩,5983839,件,127938,千克,8311316
62121090,其他纺织材料制胸罩,12891,件,1215,千克,164170
62122010,化纤制腹带,8167,件,1186,千克,100424
62122090,其他纺织材料制腹带,5620,件,1183,千克,183775
62123010,化纤制紧身胸衣,27421,件,1371,千克,225547
62123090,其他纺织材料制紧身胸...,1328,件,191,千克,20176
62129010,化纤制吊裤带、吊袜带...,29760,件,1392,千克,119855
62129090,其他纺织材料制吊裤带...,7,件,2,千克,808
62132010,棉制刺绣手帕,648,条,14,千克,370
62132090,其他棉制手帕,65359,条,1636,千克,62367
62139020,其他纺织材料制刺绣手...,54,条,8,千克,1692
62139090,其他纺织材料制其他手...,2567,条,161,千克,87059
62141000,丝及绢丝制披巾、头巾...,48102,条,5167,千克,5315699
62142010,羊毛披巾，头巾，围巾...,13940,条,2830,千克,1605944
62142020,山羊绒披巾，头巾，围...,9298,条,2002,千克,2642984
62142090,其他动物细毛披巾，头...,524,条,148,千克,113433
62143000,合成纤维制披巾、围巾...,15614,条,2113,千克,92373
62144000,人造纤维披巾、头巾、...,2107,条,413,千克,188232
62149000,其他纺织材料制披巾，...,12906,条,1802,千克,208526
62151000,丝及绢丝制领带及领结,15347,条,1388,千克,890927
62152000,化纤制领带及领结,3418,条,207,千克,47774
62159000,其他纺织材料制领带及...,1214,条,90,千克,40008
62160000,分指手套、连指手套及...,110523,双,5985,千克,379952
62171010,袜子及袜套,1534,千克,24586,双,22244
62171020,和服腰带,1255,千克,1148,条,5467
62171090,未列名制成的衣着附件,10966,千克,0,—,4377353
62179000,服装或衣着附件的零件,16889,千克,0,—,507310
63011000,电暖毯,7298,条,927,千克,100245
63012000,羊毛或动物细毛制毯子...,7173,条,3692,千克,470833
63013000,棉制毯子及旅行毯,23866,条,20057,千克,199126
63014000,合成纤维制毯子及旅行...,28230,条,13990,千克,150984
63019000,其他纤维制毯子及旅行...,224,条,87,千克,5034
63021010,棉制针织或钩编的床上...,44669,条,30397,千克,312325
63021090,其他纺织材料制针织或...,39041,条,20872,千克,150297
63022110,棉制印花床单,4291,条,3339,千克,45232
63022190,棉制未列名印花床上用...,72464,条,57552,千克,620319
63022210,化纤制印花床单,3024,条,3280,千克,21083
63022290,化纤制未列名印花床上...,6992,条,7820,千克,72107
63022910,丝及绢丝制印花床上用...,4,条,0,千克,240
63022920,麻制印花床上用织物制...,313,条,97,千克,2472
63022990,未列名纺织材料制印花...,157,条,166,千克,1119
63023110,棉制刺绣的床上用织物...,3392,条,2120,千克,53282
63023191,其他棉制床单,10293,条,6432,千克,75622
63023192,棉制毛巾被,1440,条,1277,千克,24781
63023199,棉制未列名非针织或钩...,42295,条,13316,千克,361219
63023210,化纤制刺绣的床上用织...,2533,条,2166,千克,3816
63023290,化纤制未列名非针织或...,10605,条,1505,千克,30880
63023910,丝及绢丝制非针织或钩...,16,条,2,千克,480
63023929,麻制其他非针织或钩编...,1334,条,1139,千克,44961
63023999,未列名纺材制非针织或...,5,条,1,千克,149
63024090,非手工针织或钩编的餐...,83,件,14,千克,583
63025110,棉制刺绣的餐桌用织物...,119,件,63,千克,1829
63025190,棉制其他非针织或钩编...,90598,件,18187,千克,140942
63025310,化纤制刺绣的餐桌用织...,4,件,0,千克,14
63025390,化纤制其他非针织或钩...,94005,件,5943,千克,112660
63025911,亚麻制刺绣的餐桌用织...,8,件,1,千克,966
63025919,亚麻制其他非针织或钩...,724,件,216,千克,12172
63025990,其他纺织材料制非针织...,2509,件,428,千克,2147
63026010,棉制浴巾,562048,条,216961,千克,1726875
63026090,其他棉制盥洗及厨房毛...,4253219,条,240601,千克,1768278
63029100,其他棉制盥洗及厨房用...,134254,条,7969,千克,75058
63029300,化纤制盥洗及厨房用织...,400036,条,13697,千克,297333
63029910,亚麻制盥洗及厨房用织...,3218,条,222,千克,6614
63029990,其他纺织材料制盥洗及...,1203,条,219,千克,7412
63031210,合成纤维制针织的窗帘...,1314,千克,0,—,166712
63031220,合成纤维制钩编的窗帘...,16464,千克,0,—,111480
63031931,棉制针织的窗帘、帐幔...,16,千克,0,—,4522
63039100,棉制非针织或钩编的窗...,35468,千克,0,—,220308
63039200,合纤非针织或钩编的窗...,96324,千克,0,—,1541275
63039900,其他纺材非针织或钩编...,2855,千克,0,—,52377
63041121,手工针织的床罩,33,件,26,千克,335
63041129,非手工针织的床罩,2446,件,2676,千克,34848
63041921,棉或麻制刺绣床罩,12,件,32,千克,341
63041929,棉或麻制其他非针织或...,12702,件,19653,千克,158155
63041939,化纤制其他非针织或钩...,105645,件,12650,千克,84969
63041999,其他纺织材料制未列名...,3,件,8,千克,3581
63042090,非手工制蚊帐，本章注...,1,件,0,千克,16
63049121,手工针织的其他装饰用...,286,千克,0,—,6791
63049129,非手工针织的其他装饰...,10185,千克,0,—,545909
63049131,手工钩编的其他装饰用...,764,千克,0,—,14429
63049139,非手工钩编的其他装饰...,39,千克,0,—,33027
63049210,棉制刺绣的其他装饰用...,3547,千克,0,—,141464
63049290,棉制非针织或钩编的未...,24124,千克,0,—,250784
63049310,合成纤维制刺绣的其他...,69,千克,0,—,3428
63049390,合纤制非针织或钩编的...,70417,千克,0,—,963702
63049910,丝及绢丝制非针织或钩...,3,千克,0,—,2434
63049921,麻制刺绣的其他装饰用...,34,千克,0,—,1417
63049929,麻制非针织或钩编的其...,1430,千克,0,—,62439
63049990,其他纺材制非针织或钩...,961,千克,0,—,70400
63051000,黄麻等5303的韧皮...,218204,条,200315,千克,142549
63052000,棉制货物包装用袋,288088,条,17900,千克,361801
63053200,化学纤维材料制散装货...,43508,条,114731,千克,473051
63053300,其他聚乙烯、聚丙烯扁...,516740,条,80480,千克,228134
63053900,其他化学纤维材料制货...,4093017,条,26715,千克,653022
63059000,其他纺织材料制货物包...,54072,条,859,千克,18872
63061200,合成纤维制油苫布、天...,2892,件,8329,千克,244784
63061920,棉制油苫布、天蓬及遮...,83,件,63,千克,636
63061990,未列名纺织材料制油苫...,4590,件,4087,千克,42608
63062200,合成纤维制帐蓬,545,件,4134,千克,101835
63062910,棉制帐蓬,18,件,177,千克,2273
63062990,其他纺织材料制帐蓬,11,件,168,千克,2672
63063010,合成纤维制风帆,108,件,265,千克,66415
63064020,化纤制充气褥垫,3217,件,2821,千克,121229
63064090,其他纺织材料制充气褥...,3,件,0,千克,6
63069010,棉制其他野营用品,3,件,20,千克,118
63069030,化纤制其他野营用品,369,件,746,千克,8390
63069090,其他纺织材料制未列名...,192,件,3,千克,69
63071000,擦地布、擦碗布、抹布...,165613,千克,0,—,2021057
63072000,救生衣及安全带,18938,千克,46653,件,799247
63079000,6301至6307的...,798528,千克,41982768,—,32919055
63080000,机织物及纱线构成制小...,1800,千克,0,—,54588
64011010,橡胶制鞋面的装有金属...,1092,千克,371,双,24724
64011090,塑料制鞋面的装有金属...,624,千克,257,双,4932
64019210,橡胶制鞋面的中、短统...,3199,千克,2818,双,122667
64019290,塑料制鞋面的中、短统...,3317,千克,3967,双,22690
64019900,其他橡或塑外底及鞋面...,2882,千克,9411,双,90603
64021200,滑雪靴、越野滑雪靴及...,4953,千克,1359,双,116849
64021900,橡胶或塑料制外底及鞋...,138722,千克,188495,双,5710394
64022000,用栓塞法装配鞋底及面...,172937,千克,575752,双,1149647
64029100,橡、塑外底及鞋面的短...,143650,千克,168969,双,4029387
64029910,橡胶制鞋面的其他鞋靴,20305,千克,32082,双,820548
64029921,以机织物或其他纺织材...,815874,千克,1285962,双,23966832
64029929,未列名塑料制鞋面的鞋...,1622865,千克,2811270,双,39998554
64031200,橡、塑、革外底，皮革...,10,千克,10,双,784
64031900,橡、塑或革外底，皮革...,40967,千克,56909,双,2222216
64032000,皮革外底，脚背交叉绕...,2578,千克,2934,双,431876
64034000,其他橡，塑，革外底的...,4255,千克,1780,双,166804
64035111,过踝低于小腿的皮革外...,4087,千克,2944,双,1000412
64035119,其他过脚踝但低于小腿...,3276,千克,2703,双,746884
64035191,皮革制外底及鞋面的其...,451,千克,264,双,109125
64035199,其他皮革制外底及鞋面...,1107,千克,859,双,397688
64035900,其他皮革制外底及鞋面...,88317,千克,98281,双,21755921
64039111,过踝低于小腿，橡/塑...,216565,千克,287691,双,9854876
64039119,其他过踝低于小腿的橡...,772465,千克,816991,双,26200930
64039191,橡、塑或革外底的其他...,5328,千克,3449,双,907166
64039199,其他橡胶、塑料或再生...,4774,千克,4251,双,495460
64039900,其他橡、塑或再生皮革...,3486684,千克,4492086,双,133641333
64041100,橡或塑外底，纺织材料...,823591,千克,999413,双,29432113
64041910,橡胶或塑料制外底，纺...,29817,千克,78785,双,1151835
64041990,橡胶或塑料制外底，纺...,5063130,千克,7798558,双,169786033
64042010,皮革或再生皮革制外底...,2105,千克,4082,双,766686
64042090,皮革或再生皮革制外底...,18840,千克,23745,双,5636870
64051010,橡胶、塑料等制外底，...,4318,千克,6904,双,185062
64051090,其他材料制外底，其他...,6689,千克,9435,双,356026
64052000,其他纺织材料制鞋面的...,3533,千克,6296,双,318488
64059010,其他橡胶、塑料或再生...,49351,千克,62162,双,3219087
64059090,未列名鞋靴,7567,千克,6977,双,331859
64061000,鞋面及其零件，但硬衬...,186848,千克,2563649,双,7541606
64062010,橡胶制的鞋外底及鞋跟,119495,千克,394599,双,1498526
64062020,塑料制的鞋外底及鞋跟,126195,千克,434250,双,1690996
64069010,木制的其他鞋靴零件；...,1,千克,1,双,113
64069091,其他材料制活动式鞋内...,47500,千克,1057288,双,1056155
64069092,其他材料制护腿、裹腿...,2424,千克,31305,双,230442
64069099,其他材料制未列名鞋靴...,580703,千克,12232804,双,19033538
65010000,毡呢帽坯、帽身、帽兜...,30,千克,0,—,766
65020000,编结的帽坯或用任何材...,6466,千克,0,—,39940
65040000,编结帽或用任何材料的...,12472,个,1442,千克,153308
65050010,发网,383737,个,5078,千克,33179
65050020,钩编的帽类,2337,个,288,千克,26737
65050091,用品目65.01的帽...,1614,个,712,千克,70237
65050099,针织的帽类及用成匹的...,1865734,个,94291,千克,6808832
65061000,安全帽,455436,个,312928,千克,6000303
65069100,橡胶或塑料制帽类,135355,个,37193,千克,297340
65069910,皮革制帽类,984,个,143,千克,188295
65069920,毛皮制帽类,62,个,11,千克,18354
65069990,未列名材料制帽类,34159,个,5499,千克,254949
65070000,帽圈、帽衬、帽套、帽...,28801,千克,0,—,973025
66011000,庭园用伞及类似伞,639,千克,36,把,10026
66019100,折叠伞,22758,千克,97389,把,358101
66019900,其他雨伞及阳伞,16162,千克,32701,把,196433
66020000,手杖、带座手杖、鞭子...,1275,千克,3800,把,59733
66032000,伞骨、包括装在伞柄上...,123,千克,0,—,1291
66039000,伞、手杖、鞭子及类似...,470,千克,0,—,7742
67010000,带羽毛或羽绒的鸟皮等...,16485,千克,0,—,1130988
67021000,塑料制人造花、叶、果...,18564,千克,0,—,61585
67029020,丝及绢丝制人造花、叶...,1,千克,0,—,11006
67029030,化纤制人造花、叶、果...,3017,千克,0,—,49188
67029090,未列名材料制人造花、...,4839,千克,0,—,26179
67030000,经加工的人发；作假发...,533913,千克,0,—,26988217
67041100,合成纺织材料制整头假...,1269,千克,0,—,56558
67041900,合成纺织材料制假发，...,143582,千克,0,—,409723
67042000,人发制假发，胡须，眉...,2850,千克,0,—,731355
67049000,其他材料制假、假胡须...,12430,千克,0,—,96728
68021010,大理石制表面积＜7c...,12086,千克,0,—,33709
68022110,大理石碑石或建筑用石...,717856,千克,0,—,508974
68022120,石灰华碑石或建筑用石...,1990,千克,0,—,7953
68022300,花岗岩碑石或建筑用石...,129342,千克,0,—,65095
68022910,其他石灰石碑石或建筑...,5386,千克,0,—,17730
68022990,其他碑石或建筑用石及...,2453960,千克,0,—,127257
68029110,大理石、石灰华及蜡石...,917,千克,0,—,18919
68029190,未列名已加工大理石、...,450991,千克,0,—,1024620
68029210,其他石灰石石刻,150,千克,0,—,367
68029290,未列名已加工石灰石制...,24224,千克,0,—,23295
68029311,花岗岩墓碑石,2778,千克,0,—,1121
68029319,其他花岗岩石刻,27200,千克,0,—,32180
68029390,未列名已加工花岗岩制...,1536046,千克,0,—,202173
68029910,未列名石刻,49,千克,0,—,376
68029990,未列名已加工石制品,9701,千克,0,—,25859
68030010,已加工的板岩及其制品,4175,千克,0,—,18580
68030090,粘聚板岩的制品,3029,千克,0,—,13116
68041000,碾磨或磨浆用石磨、石...,436,千克,0,—,47335
68042110,粘聚合成或天然金刚石...,42898,千克,0,—,6757180
68042190,粘聚合成或天然金刚石...,25964,千克,0,—,8359764
68042210,其他粘聚磨料或陶瓷制...,520580,千克,0,—,10200699
68042290,其他粘聚磨料或陶瓷制...,75751,千克,0,—,2597597
68042310,天然石料制砂轮及其零...,14301,千克,0,—,275133
68042390,天然石料制石磨、石碾...,4294,千克,0,—,250329
68043010,手用琢磨油石,4764,千克,0,—,382162
68043090,其他手用磨石及抛光石,5586,千克,0,—,482829
68051000,砂布,569395,千克,0,—,4103768
68052000,砂纸,460761,千克,0,—,4665071
68053000,以其他材料为底的天然...,347360,千克,0,—,8971657
68061010,硅酸铝纤维及其制品，...,270445,千克,0,—,5752248
68061090,其他矿渣棉、岩石棉及...,1006335,千克,0,—,6376980
68062000,膨胀矿物材料（包括其...,330673,千克,0,—,541305
68069000,其他隔热、隔、吸音矿...,617389,千克,0,—,2443279
68071000,成卷的沥青或类似原料...,233568,千克,0,—,361465
68079000,其他沥青或类似原料的...,637045,千克,0,—,635570
68080000,镶板、瓦、砖等，用水...,86764,千克,0,—,116386
68091100,仅用纸、纸板贴面或加...,32998,千克,0,—,28009
68091900,其他未装饰的石膏及以...,1003043,千克,0,—,787937
68099000,其他石膏制品及以石膏...,1902,千克,0,—,83915
68101100,水泥、混凝土或人造石...,104411,千克,0,—,50012
68101910,人造石制瓦、扁平石及...,1677307,千克,0,—,1962626
68101990,水泥、混凝土制瓦、扁...,281281,千克,0,—,202998
68109190,其他水泥等制建筑和土...,31317,千克,0,—,31842
68109910,铁道用水泥枕,1280,千克,0,—,280
68109990,未列名水泥、混凝土或...,362590,千克,0,—,1082081
68114020,含石棉的其他片、板、...,695543,千克,0,—,164840
68118200,纤维素水泥或类似材料...,143879,千克,0,—,294173
68118990,纤维素水泥或类似材料...,89,千克,0,—,23137
68128000,已加工青石棉纤维及青...,805,千克,0,—,47584
68129100,石棉制服装、衣着附件...,107,千克,0,—,9285
68129200,石棉纸、麻丝板及毡子,223,千克,0,—,3631
68129300,成片或成卷的压缩石棉...,262,千克,0,—,4417
68129900,其他石棉纤维、混合物...,136471,千克,0,—,603935
68132010,以石棉为基本成分的闸...,260,千克,0,—,29989
68132090,以石棉为基本成分其他...,2048,千克,0,—,203479
68138100,以其他矿物质或纤维素...,65367,千克,0,—,1221169
68138900,其他矿物质或纤维素为...,100729,千克,0,—,3209025
68141000,粘聚或复制云母制板、...,130473,千克,0,—,1752577
68149000,其他已加工的云母及其...,32588,千克,0,—,837683
68151000,非电器用石墨或其他碳...,87332,千克,0,—,16572175
68159100,含有菱镁矿、白云石或...,7,千克,0,—,112
68159920,碳纤维,270393,千克,0,—,4175939
68159931,碳布,309993,千克,0,—,10350794
68159932,碳纤维预浸料,64523,千克,0,—,4982887
68159939,其他碳纤维制品,1697003,千克,0,—,32189266
68159940,玄武岩纤维及其制品,828,千克,0,—,19584
68159990,未列名石制品及其他矿...,584598,千克,0,—,1893851
69010000,硅质化石粉等硅土砖、...,391610,千克,0,—,290906
69021000,镁、钙或铬单项或合计...,1099752,千克,0,—,1784488
69022000,氧化铝或氧化硅等＞5...,590329,千克,0,—,2040923
69029000,其他耐火砖、块、瓦及...,1983462,千克,0,—,9714337
69031000,石墨等形式碳或其混合...,5192,千克,0,—,830515
69032000,氧化铝或与氧化硅混，...,490743,千克,0,—,6119184
69039000,其他耐火陶瓷制品,158872,千克,0,—,6892337
69041000,陶瓷建筑用砖,30,千克,0,千块,148
69049000,陶瓷制铺地砖、支撑或...,1275,千克,0,—,5042
69051000,陶瓷制屋顶瓦,1191072,千克,0,—,384503
69060000,陶瓷套管、导管、槽管...,10615,千克,0,—,527551
69072110,贴面砖、铺面砖，包括...,1760,千克,204,平方米,8943
69072190,其他贴面砖、铺面砖，...,5533940,千克,301880,平方米,7560296
69072210,贴面砖、铺面砖，包括...,144,千克,8,平方米,57432
69072290,其他贴面砖、铺面砖，...,557569,千克,26304,平方米,592369
69072390,其他贴面砖、铺面砖，...,248812,千克,15564,平方米,259414
69073010,镶嵌砖（马赛克）及其...,796,千克,51,平方米,13287
69073090,其他镶嵌砖（马赛克）...,164,千克,23,平方米,1250
69074010,饰面陶瓷，可置入边长...,38,千克,9,平方米,639
69074090,其他饰面陶瓷,293760,千克,14727,平方米,861756
69091100,实验室、化学或其他技...,111606,千克,0,—,4507927
69091200,莫氏硬度≥9的实验室...,47911,千克,0,—,13754343
69091900,其他实验室、化学或其...,884235,千克,0,—,20267021
69099000,农用陶瓷槽缸等容器；...,7894,千克,0,—,8678
69101000,瓷制固定卫生设备,1960729,千克,99936,件,6648955
69109000,陶制固定卫生设备,778726,千克,49225,件,1912071
69111011,骨瓷餐具,11178,千克,0,—,420502
69111019,其他瓷制餐具,551984,千克,0,—,3679428
69111021,瓷制厨房刀具,1347,千克,0,—,127910
69111029,瓷制其他厨房器具,3887,千克,0,—,160486
69119000,其他家用或盥洗用瓷器,3406,千克,0,—,76076
69120010,陶餐具,137245,千克,0,—,1065012
69120090,陶制厨房器具及其他家...,44371,千克,0,—,514642
69131000,瓷制塑像及其他装饰品,164147,千克,0,—,880389
69139000,陶制塑像及其他装饰品,107261,千克,0,—,411451
69141000,未列名瓷制品,218068,千克,0,—,7315107
69149000,未列名陶制品,371774,千克,0,—,4878533
70010000,碎玻璃及废玻璃；玻璃...,99590,千克,0,—,5858401
70021000,未加工的玻璃球,3010,千克,0,—,9215
70022010,光导纤维预制棒,80226,千克,0,—,10096860
70022090,其他未加工的玻璃棒,6994,千克,0,—,598478
70023110,熔融石英等熔融硅石制...,249429,千克,0,—,17579106
70023190,熔融石英等熔融硅石制...,65978,千克,0,—,1655085
70023200,其他未加工的耐热玻璃...,1820798,千克,0,—,4829082
70023900,未列名未加工的玻璃管,1145839,千克,0,—,3976344
70031200,铸或轧制整块着色等加...,214563,千克,20521,平方米,755027
70031900,其他铸制或轧制的非夹...,18989678,千克,12379503,平方米,257720319
70033000,铸制或轧制的玻璃型材...,7629,千克,458,平方米,467438
70042000,拉制或吹制的整块着色...,47,千克,1,平方米,1540
70049000,其他拉制或吹制的玻璃...,193358,千克,93453,平方米,5738087
70051000,具有吸收或反射层的非...,180252,千克,11153,平方米,262224
70052100,整块着色、不透明、镶...,549604,千克,61604,平方米,1673659
70052900,其他非夹丝浮法玻璃板...,61180675,千克,10966369,平方米,63610466
70053000,夹丝浮法玻璃板、片及...,4159,千克,225,平方米,20262
70060000,经弯曲、磨边、镂刻等...,9103792,千克,0,—,90148712
70071110,航空器、航天器及船舶...,9949,千克,0,—,518499
70071190,车辆用钢化安全玻璃,89170,千克,0,—,1221850
70071900,其他钢化安全玻璃,1348222,千克,188667,平方米,4649111
70072110,航空器、航天器及船舶...,4943,千克,0,—,789993
70072190,车辆用层压安全玻璃,265431,千克,0,—,3943704
70072900,其他层压安全玻璃,14207,千克,345,平方米,79487
70080010,中空或真空隔温、隔音...,9177,千克,0,—,140181
70080090,其他多层隔温、隔音玻...,9,千克,0,—,487
70091000,车辆后视镜,430133,千克,0,—,30074396
70099100,未镶框玻璃镜,41784,千克,0,—,382265
70099200,已镶框玻璃镜,56879,千克,0,—,3044543
70101000,玻璃制安瓿,6285,千克,0,—,159620
70102000,玻璃塞、盖及类似的封...,5667,千克,0,—,33842
70109010,玻璃制坛、瓶、缸、罐...,280216,千克,0,—,348259
70109020,玻璃制坛、瓶、缸等容...,453494,千克,0,—,732820
70109030,玻璃制坛、瓶、缸等容...,222884,千克,0,—,370250
70109090,玻璃制坛、瓶、缸等容...,855004,千克,0,—,4132096
70111000,制电灯泡用未封口玻璃...,126297,千克,0,—,442720
70112090,其他制阴极射线管用末...,202,千克,0,—,57597
70119010,制电子管用未封口玻璃...,9,千克,0,—,3176
70119090,未列名未封口玻璃外壳...,293,千克,0,—,73822
70131000,玻璃陶瓷器皿,57764,千克,0,—,396910
70132200,铅晶质玻璃高脚杯,4110,千克,0,—,151540
70132800,其他玻璃高脚杯,142331,千克,0,—,1237221
70133300,其他铅晶质玻璃杯,4336,千克,0,—,133936
70133700,其他玻璃杯,702760,千克,0,—,2523433
70134100,铅晶质玻璃制餐桌或厨...,2574,千克,0,—,73465
70134200,其他餐桌或厨房用耐热...,295059,千克,0,—,1995672
70134900,其他餐桌或厨房用玻璃...,734567,千克,0,—,2466137
70139100,铅晶质玻璃盥洗室、办...,23304,千克,0,—,1078819
70139900,其他玻璃盥洗室、办公...,122657,千克,0,—,726038
70140010,光学仪器用未经光学加...,64473,千克,0,—,4300689
70140090,未经光学加工的信号玻...,156711,千克,0,—,1871314
70151090,其他视力矫正眼镜用玻...,275,千克,0,—,2750
70159010,钟表玻璃,2884,千克,0,—,898572
70159090,未列名未经光学加工呈...,36,千克,0,—,19042
70161000,供镶嵌装饰等用的玻璃...,3947,千克,0,—,58128
70169090,未列名建筑铺面用及多...,428355,千克,0,—,1269271
70171000,熔融石英等熔融硅石制...,4248,千克,0,—,491226
70172000,其他实验室、卫生及配...,46329,千克,0,—,1355227
70179000,其他实验室、卫生及配...,28156,千克,0,—,2618399
70181000,玻璃珠、仿珍珠、仿宝...,61055,千克,0,—,2271609
70182000,直径≤1mm的玻璃珠,1315656,千克,0,—,4890046
70189000,玻璃眼；灯工方法制作...,4662,千克,0,—,66455
70191100,长度≤50mm的短切...,3859754,千克,0,—,6177158
70191200,玻璃纤维粗纱,2739838,千克,0,—,1220356
70191900,其他玻璃纤维,2888658,千克,0,—,4795844
70193100,玻璃纤维制席,32262,千克,0,—,286027
70193200,玻璃纤维制薄片（巴厘...,222448,千克,0,—,1053691
70193910,玻璃纤维制纤维垫,143087,千克,0,—,2381194
70193990,未列名玻璃纤维制纤维...,723424,千克,0,—,6526430
70194000,玻璃纤维粗纱机织物,366980,千克,0,—,1409759
70195100,宽度≤30cm的玻璃...,30312,千克,0,—,634045
70195200,＞30cm玻纤长丝平...,929419,千克,0,—,10428178
70195900,其他玻璃纤维制机织物,157547,千克,0,—,2618620
70199010,玻璃棉及其制品,328790,千克,0,—,2266652
70199021,玻璃纤维布浸胶制品，...,761504,千克,0,—,30656918
70199029,玻璃纤维布浸胶制品，...,62971,千克,0,—,1108029
70199090,未列名玻璃纤维制品,647188,千克,0,—,13086776
70200011,工业用导电玻璃,257349,千克,0,—,9908182
70200013,工业用熔融石英或其他...,41485,千克,0,—,13130438
70200019,其他工业用玻璃制品,810385,千克,0,—,10155445
70200091,保温瓶或其他保温容器...,119828,千克,342246,个,231302
70200099,其他非工业用玻璃制品,134333,千克,0,—,3669072
71012190,其他未加工养殖珍珠,103,千克,0,—,120578
71012210,未分级已加工养殖珍珠,139,千克,0,—,453678
71012290,其他已加工养殖珍珠,1849,千克,0,—,283792
71022100,未加工或经简单锯开、...,185980,克拉,0,—,183989
71022900,其他工业用钻石,578,克拉,0,—,116570
71023100,未加工或简单锯开、劈...,48954,克拉,0,—,18136452
71023900,其他非工业用钻石,317647,克拉,0,—,348857462
71031000,未加工或仅简单锯开或...,4634809,千克,0,—,3869200
71039100,经其他加工的红宝石、...,113424,克拉,0,—,3438095
71039910,经其他加工的翡翠,3348868,克拉,0,—,15050556
71039920,经其他加工的水晶,782214,克拉,0,—,738419
71039930,经其他加工的碧玺,46869,克拉,0,—,5316285
71039940,经其他加工的软玉,62,克拉,0,—,433
71039990,经其他加工的未列名宝...,47195113,克拉,0,—,3209456
71041000,压电石英,24417061,克,0,—,1123429
71042010,合成或再造钻石，未加...,1975,克,0,—,2328125
71042090,其他合成再造宝石半宝...,975359,克,0,—,123689
71049011,经其他加工的工业用合...,21068,克,0,—,409269
71049012,经其他加工的工业用合...,19058026,克,0,—,3550312
71049019,经其他加工工业用合成...,514747,克,0,—,170110
71049091,经其他加工的非工业用...,5276,克,0,—,1044357
71049099,经其他加工非工业用合...,308417,克,0,—,402821
71051010,天然钻石粉末,60250,克拉,0,—,40126
71051020,人工合成的钻石粉末,6670732,克拉,0,—,1355922
71059000,其他天然或合成宝石或...,50292,克,0,—,4058
71061011,平均粒径＜3微米的非...,109259422,克,0,—,58561237
71061019,其他非片状银粉,154524541,克,0,—,8768604
71061021,平均粒径＜10微米的...,2106395,克,0,—,1397255
71061029,其他片状银粉,7790486,克,0,—,1596836
71069110,纯度≥99.99%未...,2131678,克,0,—,1104128
71069190,其他未锻造银,37667607,克,0,—,3169494
71069210,纯度≥99.99%半...,418627,克,0,—,346743
71069290,其他半制成的银,43225980,克,0,—,4192364
71070000,以贱金属为底的包银材...,10284,千克,0,—,697942
71081100,金粉,10200,克,0,—,593047
71081200,其他未锻造金，非货币...,4943724,克,0,—,263500766
71081300,其他半制的金，非货币...,606443,克,0,—,31294789
71090000,以贱金属或银为底的包...,591466,克,0,—,265789
71101100,未锻造铂，铂粉,3597355,克,0,—,99998318
71101910,铂板、片,2767481,克,0,—,44779928
71101990,其他半制的铂,78941,克,0,—,3040928
71102100,未锻造钯，钯粉,3496147,克,0,—,229636124
71102910,钯板、片,35523,克,0,—,1233534
71102990,其他半制的钯,152442,克,0,—,803821
71103100,未锻造铑，铑粉,734563,克,0,—,198036560
71104100,未锻造的铱、锇及钌，...,497483,克,0,—,12580555
71104910,铱、锇及钌的板、片,473618,克,0,—,3007666
71104990,其他半制的铱、锇及钌,311,克,0,—,7441
71110000,以贱金属、银或金为底...,3141982,克,0,—,1904719
71129990,未列名贵金属或包贵金...,777920,克,0,—,313722
71131110,镶嵌钻石的银首饰及其...,9650,克,0,—,113395
71131190,其他银首饰及其零件,6811238,克,0,—,21940416
71131911,镶嵌钻石的黄金制首饰...,329452,克,0,—,79392765
71131919,其他黄金制首饰及其零...,990385,克,0,—,56687487
71131921,镶嵌钻石的铂制首饰及...,58592,克,0,—,48023728
71131929,其他铂制首饰及其零件,51665,克,0,—,83143165
71131991,镶嵌钻石的其他贵金属...,26634,克,0,—,26472556
71131999,其他贵金属制首饰及其...,22443,克,0,—,4059479
71132010,镶嵌钻石以贱金属为底...,100,克,0,—,669
71132090,其他以贱金属为底的包...,161461,克,0,—,208095
71141100,银制器皿及其零件,97707,克,0,—,108578
71141900,其他贵金属制器皿及其...,2091,克,0,—,134578
71142000,以贱金属为底的包贵金...,900,克,0,—,361
71151000,贵金属或包贵金属制丝...,1,克,0,—,325
71159010,其他贵金属或包贵金属...,82216285,克,0,—,12099462
71159090,其他贵金属或包贵金属...,172650,克,0,—,1152221
71161000,天然或养殖珍珠制品,272,千克,0,—,497021
71162000,宝石或半宝石（天然、...,139528,千克,0,—,3064445
71171100,贱金属制袖扣、饰扣,1563,千克,0,—,297111
71171900,贱金属制其他仿首饰,43854,千克,0,—,32483378
71179000,未列名仿首饰,20837,千克,0,—,7376626
71181000,非法定货币的硬币（金...,27,千克,0,—,11834
72011000,初级形状非合金生铁，...,620834988,千克,0,—,202752794
72012000,初级形状非合金生铁，...,2253300,千克,0,—,532244
72015000,合金生铁、镜铁锭、块...,24532508,千克,0,—,15610751
72021100,锰铁，按重量计含碳量...,1572800,千克,0,—,887261
72021900,锰铁，按重量计含碳量...,41000,千克,0,—,73151
72022100,硅铁，按重量计含硅量...,2230822,千克,0,—,2562007
72022900,硅铁，按重量计含硅量...,50320,千克,0,—,253114
72023000,硅锰铁,2201000,千克,0,—,1738657
72024100,铬铁，按重量计含碳量...,227107759,千克,0,—,198628395
72026000,镍铁,280703152,千克,0,—,509994625
72027000,钼铁,461000,千克,0,—,5678263
72029100,钛铁及硅钛铁,702961,千克,0,—,2005429
72029210,钒铁，按重量计含钒量...,81000,千克,0,—,1455523
72029290,钒铁，按重量计含钒量...,210000,千克,0,—,4301141
72029300,铌铁,5343000,千克,0,—,109117490
72029912,钕铁硼磁粉,35473,千克,0,—,680225
72029919,其他钕铁硼合金,15121,千克,0,—,232969
72029991,按重量计稀土元素总含...,16000,千克,0,—,390266
72029999,未列名铁合金,2439260,千克,0,—,14043205
72031000,直接从铁矿还原的块、...,287641342,千克,0,—,81274399
72042900,其他合金钢废碎料,3087869,千克,0,—,2336524
72051000,生铁、镜铁及钢铁的颗...,349479,千克,0,—,1040332
72052100,合金钢粉末,4469067,千克,0,—,14590905
72052900,生铁、镜铁及其他钢铁...,4633077,千克,0,—,6951765
72061000,铁锭及普通钢锭,431942,千克,0,—,148047
72069000,其他初级形状的普通钢...,908,千克,0,—,5606
72071100,矩形截面半制普通钢铁...,1483554989,千克,0,—,556116512
72071200,其他矩形截面的半制普...,715104204,千克,0,—,262903158
72071900,其他普通钢铁的半制成...,42898544,千克,0,—,15725047
72072000,普通钢铁的半制成品，...,123181344,千克,0,—,49867701
72082500,其他热轧、酸洗普通钢...,3518660,千克,0,—,2379531
72082610,屈度＞355牛顿/m...,9605523,千克,0,—,6427321
72082690,其他热轧、酸洗钢铁卷...,1744645,千克,0,—,1170301
72082710,其他热轧、酸洗普通钢...,329805,千克,0,—,186241
72082790,其他热轧、酸洗钢铁卷...,16515755,千克,0,—,11308549
72083600,其他仅热轧普通钢铁卷...,2082925,千克,0,—,1055163
72083700,其他仅热轧普通钢铁卷...,9441547,千克,0,—,3769426
72083810,屈度＞355牛顿/m...,31999592,千克,0,—,17295481
72083890,其他热轧普通钢铁卷材...,31104705,千克,0,—,13377626
72083910,其他热轧铁或非合金钢...,106530,千克,0,—,42505
72083990,其他热轧铁或非合金钢...,645385901,千克,0,—,255562400
72084000,热轧，已轧压花纹普通...,26437,千克,0,—,20500
72085110,其他热轧铁或非合金钢...,7341425,千克,0,—,5346877
72085120,其他热轧铁或非合金钢...,78891812,千克,0,—,39925105
72085190,其他热轧铁或非合金钢...,140363340,千克,0,—,76167340
72085200,仅热轧普通钢铁非卷材...,13182334,千克,0,—,6910991
72085310,屈度＞355N/m㎡...,50096,千克,0,—,47958
72085390,其他热轧普通钢铁非卷...,13222,千克,0,—,9312
72085410,其他热轧铁或非合金钢...,1787,千克,0,—,2852
72085490,其他热轧铁非合金钢非...,614967,千克,0,—,222419
72089000,热轧并经除包镀涂外加...,210988,千克,0,—,293916
72091510,屈度＞355牛顿/m...,35305,千克,0,—,27728
72091590,其他冷轧，厚≥3mm...,444740,千克,0,—,246153
72091610,屈度＞275牛顿/m...,17965457,千克,0,—,12033892
72091690,其他冷轧铁或非合金钢...,17422560,千克,0,—,9258933
72091710,屈度＞275牛顿/m...,22066037,千克,0,—,11610722
72091790,其他冷轧普通钢铁卷材...,69826622,千克,0,—,35989001
72091810,仅冷轧铁或非合金钢卷...,44024579,千克,0,—,27978330
72091890,仅冷轧铁或非合金钢卷...,6112453,千克,0,—,3799655
72092500,仅冷轧其他普通钢铁非...,2596,千克,0,—,8445
72092600,仅冷轧其他普通钢铁非...,603296,千克,0,—,299930
72092700,仅冷轧，0.5mm≤...,617487,千克,0,—,373542
72099000,冷轧但未包镀涂，进一...,56549,千克,0,—,26602
72101100,镀或涂锡，厚≥0.5...,191060,千克,0,—,290166
72101200,镀或涂锡的，厚＜0....,670169,千克,0,—,501807
72102000,镀或涂铅的，包括镀铅...,18300,千克,0,—,16363
72103000,电镀锌的铁或非合金钢...,41259718,千克,0,—,32846425
72104100,其他镀或涂锌瓦楞形普...,5092,千克,0,—,12766
72104900,其他镀或涂锌普通钢铁...,73921767,千克,0,—,52151750
72105000,镀或涂氧化铬或铬及氧...,202343,千克,0,—,93824
72106100,镀或涂铝锌合金的铁或...,2605487,千克,0,—,2209873
72106900,其他镀或涂铝的铁或非...,4263175,千克,0,—,3242738
72107010,厚度小于1.5毫米的...,7515900,千克,0,—,9385565
72107090,其他涂漆或涂塑的铁或...,3367450,千克,0,—,2467249
72109000,未列名宽≥600mm...,12603590,千克,0,—,15918557
72111300,仅四面或封闭热轧，1...,0,千克,0,—,113
72111400,仅热轧，厚≥4.75...,114182,千克,0,—,166799
72111900,仅热轧，未包镀涂层，...,569335,千克,0,—,659777
72112300,仅冷轧宽＜600mm...,1845337,千克,0,—,2224605
72112900,仅冷轧宽＜600mm...,2035124,千克,0,—,3905848
72119000,仅冷轧，未包镀涂层，...,67819,千克,0,—,230341
72121000,镀或涂锡的，宽＜60...,134423,千克,0,—,214439
72122000,电镀锌的宽＜600m...,699843,千克,0,—,1012713
72123000,其他镀或涂锌的宽＜6...,447675,千克,0,—,509259
72124000,涂漆或涂塑的宽＜60...,703450,千克,0,—,2241501
72125000,其他镀或涂层的宽＜6...,2815035,千克,0,—,5987550
72126000,经包覆的宽＜600m...,355152,千克,0,—,2100159
72131000,带轧制变形的不规则盘...,65571426,千克,0,—,26737139
72132000,不规则盘卷的易切削钢...,1671080,千克,0,—,1427315
72139100,直径＜14mm圆截面...,27451871,千克,0,—,13154944
72139900,其他不规则盘卷的普通...,3904459,千克,0,—,3666373
72141000,普通钢铁的锻造条、杆,24317,千克,0,—,56229
72142000,轧制凸凹变形及扭曲的...,83530647,千克,0,—,33853592
72143000,其他易切削钢热轧、热...,113574,千克,0,—,202924
72149100,矩形截面普通钢铁热轧...,481474,千克,0,—,546177
72149900,其他普通钢铁热轧、热...,3049345,千克,0,—,3002589
72151000,易切削钢冷成形或冷加...,1852242,千克,0,—,3189015
72155000,其他铁及非合金钢的冷...,1049189,千克,0,—,1653111
72159000,未列名的铁及非合金钢...,712673,千克,0,—,1203600
72161020,热轧、拉或挤压普通工...,325517,千克,0,—,250871
72161090,热轧、拉或挤压普通槽...,414976,千克,0,—,528909
72162100,热轧、拉拔或挤压普通...,192011,千克,0,—,159719
72163100,热轧、拉或挤压普通钢...,1034033,千克,0,—,857024
72163210,热轧、拉或挤压普通钢...,1022850,千克,0,—,730082
72163290,热轧拉挤普通钢工字钢...,639488,千克,0,—,607582
72163311,热轧、拉或挤压普通钢...,729396,千克,0,—,569857
72163319,热轧拉挤普通钢H型钢...,2895058,千克,0,—,2096521
72163390,热轧、拉挤普通钢H型...,193181,千克,0,—,163585
72164010,热轧、拉或挤压普通钢...,4145950,千克,0,—,3605004
72164020,热轧、拉或挤压普通钢...,25830,千克,0,—,39794
72165010,热轧、热拉拔或挤压铁...,6167,千克,0,—,23336
72165020,热轧、热拉拔或热挤压...,177636,千克,0,—,158052
72165090,未列名热轧拉或挤压普...,103234,千克,0,—,157422
72166100,平板轧材制冷成形或冷...,136494,千克,0,—,193254
72166900,其他冷成形或冷加工普...,179656,千克,0,—,485772
72169100,平板轧材制冷成形外再...,1251,千克,0,—,5590
72169900,其他普通钢铁角材、型...,72963,千克,0,—,644316
72171000,未镀或涂层的普通钢铁...,2267830,千克,0,—,4545648
72172000,镀或涂锌的普通钢铁丝,207564,千克,0,—,471358
72173010,镀或涂铜的铁丝或非合...,295853,千克,0,—,685504
72173090,镀或涂其他贱金属的铁...,97875,千克,0,—,611872
72179000,其他铁丝或非合金钢丝,119911,千克,0,—,303292
72181000,不锈钢锭及其他初级形...,713383,千克,0,—,1305719
72189100,矩形截面的（正方形除...,446421,千克,0,—,1272494
72189900,其他不锈钢半制成品,115837299,千克,0,—,155278860
72191100,热轧不锈钢卷材，厚＞...,48849,千克,0,—,75860
72191200,热轧不锈钢卷材，4....,1757269,千克,0,—,2122951
72191319,其他未酸洗热轧不锈钢...,620058,千克,0,—,742141
72191329,其他酸洗热轧不锈钢卷...,2453220,千克,0,—,2856039
72191419,其他厚＜3mm，未酸...,9860,千克,0,—,24650
72191429,其他厚＜3mm，经酸...,1540023,千克,0,—,1771097
72192100,热轧不锈钢非卷材，厚...,992982,千克,0,—,3436237
72192200,热轧不锈钢非卷材，4...,444703,千克,0,—,3042019
72192300,热轧不锈钢非卷材，3...,8621,千克,0,—,27784
72192410,热轧不锈钢非卷材，1...,27688,千克,0,—,99781
72192420,热轧不锈钢非卷材，0...,154,千克,0,—,788
72193100,冷轧不锈钢板材，厚≥...,654410,千克,0,—,4254127
72193200,冷轧不锈钢板材，3m...,3395585,千克,0,—,6494404
72193310,按重量计含锰量在5....,25009,千克,0,—,54288
72193390,其他冷轧不锈钢板材，...,15150493,千克,0,—,28612787
72193400,冷轧不锈钢板材，0....,13064541,千克,0,—,26164938
72193500,冷轧不锈钢板材，厚＜...,2254484,千克,0,—,4488421
72199000,其他宽≥600mm的...,499629,千克,0,—,2658596
72201100,热轧不锈钢板材，厚≥...,3676,千克,0,—,24095
72201200,热轧不锈钢板材，厚＜...,9757,千克,0,—,68082
72202020,冷轧不锈钢平板轧材，...,1000035,千克,0,—,8261463
72202030,冷轧不锈钢平板轧材，...,2794357,千克,0,—,11782019
72202040,冷轧不锈钢平板轧材，...,83071,千克,0,—,379672
72209000,其他不锈钢板材，宽＜...,357831,千克,0,—,3591737
72210000,不规则盘卷的不锈钢热...,4586181,千克,0,—,14456354
72221100,圆形截面的热轧、拉拔...,1413850,千克,0,—,6588604
72221900,其他热轧、拉拔或挤压...,891788,千克,0,—,5115325
72222000,不锈钢冷成形或冷加工...,2000478,千克,0,—,13329266
72223000,其他不锈钢条、杆,1090330,千克,0,—,6295616
72224000,不锈钢角材、型材及异...,58494,千克,0,—,504766
72230000,不锈钢丝,1372464,千克,0,—,13236761
72241000,其他合金钢锭及初级形...,3196198,千克,0,—,3810393
72249010,单件重量≥10吨的粗...,719109,千克,0,—,1662616
72249090,其他合金钢半制成品,2488380,千克,0,—,3527313
72251100,取向性硅电钢平板轧材...,2115310,千克,0,—,2828464
72251900,其他硅电钢平板轧材，...,22149456,千克,0,—,16642620
72253000,其他合金钢热轧卷材，...,22128862,千克,0,—,16630629
72254010,未经进一步加工的热轧...,239303,千克,0,—,1196602
72254091,未经进一步加工的热轧...,11252946,千克,0,—,15629970
72254099,未经进一步加工的其他...,13116907,千克,0,—,28883651
72255000,其他合金钢冷轧板材，...,17648993,千克,0,—,18401062
72259100,电镀或涂锌的其他合金...,6488198,千克,0,—,7378938
72259200,其他方法镀或涂锌的合...,17581849,千克,0,—,17691707
72259910,高速钢板材，宽≥60...,15754,千克,0,—,326669
72259990,未列名合金钢板材，宽...,17037781,千克,0,—,15769891
72261100,取向性硅电钢平板轧材...,5482953,千克,0,—,3400278
72261900,其他硅电钢平板轧材，...,2131525,千克,0,—,1576968
72262000,高速钢板材，宽＜60...,52352,千克,0,—,1053738
72269110,未经进一步加工的热轧...,224178,千克,0,—,1270999
72269191,未经进一步加工的热轧...,49288,千克,0,—,852607
72269199,未经进一步加工的其他...,1126864,千克,0,—,2353433
72269200,其他未进一步加工合金...,3909589,千克,0,—,8449241
72269910,电镀或涂锌的其他合金...,15920,千克,0,—,46687
72269920,其他法镀或涂锌的合金...,278060,千克,0,—,375869
72269990,未列名合金钢板材，宽...,412254,千克,0,—,4049142
72271000,不规则盘卷的高速钢热...,64524,千克,0,—,746976
72272000,不规则盘卷的硅锰钢热...,1283360,千克,0,—,1550988
72279010,不规则盘卷的含硼合金...,44998714,千克,0,—,19251634
72279090,不规则盘卷的未列名合...,12414001,千克,0,—,13130991
72281000,其他高速钢条、杆,296366,千克,0,—,4802088
72282000,其他硅锰钢条、杆,813119,千克,0,—,810533
72283010,其他含硼合金钢制的条...,465424,千克,0,—,584284
72283090,其他条、杆，除热轧、...,21685696,千克,0,—,25228356
72284000,其他合金钢锻造条、杆,2486531,千克,0,—,13115813
72285000,其他合金钢冷成形或冷...,2670519,千克,0,—,6151448
72286000,未列名合金钢条、杆,896058,千克,0,—,1608548
72287010,履带板型钢,77496,千克,0,—,81371
72287090,其他合金钢角材、型材...,1063510,千克,0,—,2262201
72288000,合金钢及非合金钢制空...,1076,千克,0,—,10112
72292000,硅锰钢钢丝,1243694,千克,0,—,2438238
72299010,高速钢钢丝,27865,千克,0,—,504502
72299090,其他合金钢丝,5170289,千克,0,—,10649176
73011000,钢铁板桩,10272724,千克,0,—,5363664
73012000,焊接的钢铁角材、型材...,2515176,千克,0,—,3660032
73021000,钢轨,3620930,千克,0,—,6005156
73023000,钢铁道岔尖轨、辙叉、...,870,千克,0,—,65655
73024000,钢铁鱼尾板及钢轨垫板,2872,千克,0,—,16366
73029010,钢铁轨枕,3,千克,0,—,18
73029090,其他铺轨用钢铁材料,105654,千克,0,—,1141033
73030010,内径≥500mm的圆...,115,千克,0,—,2389
73030090,其他铸铁管及空心异型...,118946,千克,0,—,280721
73041110,不锈钢石油天然气管道...,12990,千克,0,—,196793
73041120,不锈钢石油天然气管道...,20392,千克,0,—,185536
73041130,不锈钢石油天然气管道...,18695,千克,0,—,207268
73041190,不锈钢石油天然气管道...,936,千克,0,—,32968
73041910,其他钢石油天然气管道...,106497,千克,0,—,282860
73041920,其他钢石油天然气管道...,99514,千克,0,—,216881
73041930,其他钢石油天然气无缝...,116980,千克,0,—,555216
73041990,其他钢石油天然气无缝...,12632,千克,0,—,37608
73042310,其他钢制钻探石油天然...,214815,千克,0,—,142594
73042400,不锈钢制钻探石油或天...,792954,千克,0,—,3922087
73042910,屈服强度小于552兆...,1079,千克,0,—,7767
73042920,屈服强度大于等于55...,163417,千克,0,—,633170
73042930,屈服强度大于等于75...,1761795,千克,0,—,11579943
73043110,冷拔或冷轧的铁或普通...,3329,千克,0,—,13563
73043190,未列名冷拔或冷轧铁或...,423387,千克,0,—,2073800
73043910,非冷拔或冷轧铁或普通...,10560,千克,0,—,26909
73043990,未列名非冷拔或冷轧铁...,556171,千克,0,—,502845
73044110,冷拔或冷轧的不锈钢无...,204818,千克,0,—,1880744
73044190,未列名冷拔或冷轧的不...,404679,千克,0,—,11053153
73044990,未列名非冷拔或冷轧的...,429387,千克,0,—,3389807
73045110,冷拔或冷轧的其他合金...,50943,千克,0,—,142614
73045120,冷拔或冷轧的其他合金...,44136,千克,0,—,298168
73045190,未列名冷拔或冷轧的合...,1111471,千克,0,—,3880927
73045910,非冷拔或冷轧的其他合...,4516170,千克,0,—,29712611
73045920,非冷拔或冷轧其他合金...,477,千克,0,—,4478
73045990,未列名非冷拔或冷轧的...,535255,千克,0,—,1948006
73049000,其他无缝钢铁管及空心...,93293,千克,0,—,686137
73051100,纵向埋弧焊石油或天然...,150574,千克,0,—,167616
73051200,其他纵向焊石油或天然...,1770,千克,0,—,18908
73053100,其他纵向焊圆形截面钢...,207265,千克,0,—,1127176
73053900,其他焊接的圆形截面钢...,24840,千克,0,—,127881
73059000,其他圆形截面钢铁管，...,15305,千克,0,—,50574
73061100,不锈钢制石油或天然气...,680741,千克,0,—,3039150
73062100,不锈钢制钻探石油或天...,12926,千克,0,—,80205
73063011,其他铁圆形截面焊缝管...,295239,千克,0,—,1622126
73063019,其他铁圆形截面焊缝管...,62017,千克,0,—,367864
73063090,其他铁圆形截面焊缝管...,6845201,千克,0,—,10347185
73064000,其他不锈钢圆形截面焊...,851065,千克,0,—,10232321
73065000,其他合金钢圆形截面焊...,2337895,千克,0,—,4944818
73066100,矩形或正方形截面的其...,2861581,千克,0,—,3009028
73066900,其他非圆形截面的焊缝...,432391,千克,0,—,594334
73069000,未列名钢铁管及空心异...,154355,千克,109121,个,625366
73071100,无可锻性铸铁管子附件,89795,千克,0,—,856240
73071900,可锻性铸铁及铸钢管子...,118368,千克,0,—,2915095
73072100,不锈钢制法兰,499254,千克,0,—,6186542
73072200,不锈钢制螺纹肘管、弯...,53449,千克,0,—,3006535
73072300,不锈钢制对焊件,525517,千克,0,—,5023618
73072900,不锈钢制其他管子附件,437607,千克,0,—,26989336
73079100,其他钢铁制法兰,1085594,千克,0,—,4613938
73079200,其他钢铁制螺纹肘管、...,290350,千克,0,—,5239983
73079300,其他钢铁制对焊件,728463,千克,0,—,3825638
73079900,未列名钢铁制管子附件,774568,千克,0,—,13486859
73081000,钢铁制桥梁及桥梁体段,378987,千克,0,—,818119
73083000,钢铁制门窗及其框架、...,216882,千克,0,—,3796692
73084000,钢铁制脚手架、模板或...,195677,千克,0,—,373683
73089000,其他钢铁结构体；钢结...,10433714,千克,0,—,40388106
73090000,装物料的钢铁槽、罐、...,2399225,千克,0,—,18989355
73101000,盛装物料的钢铁容器，...,233527,千克,7125,个,2782739
73102110,"易拉罐及罐体,焊边或...",32660,千克,0,—,230445
73102190,其他焊边或卷边接合的...,432375,千克,0,—,3420913
73102910,"易拉罐及罐体,非焊边...",463,千克,0,—,15551
73102990,其他盛装物料用钢铁容...,234282,千克,0,—,1244107
73110010,装压缩气体或液化气体...,94679,千克,0,—,588758
73110090,装压缩气体或液化气体...,786927,千克,0,—,5417828
73121000,非绝缘的钢铁绞股线、...,3766733,千克,0,—,15223022
73129000,非绝缘的钢铁编带、吊...,188649,千克,0,—,2278662
73130000,带刺钢铁丝；围篱钢铁...,198,千克,0,—,3519
73141200,不锈钢制机器用环形带,286,千克,0,—,52308
73141400,不锈钢制其他机织布,48729,千克,0,—,6299916
73141900,其他钢铁丝机织布（包...,2448,千克,0,—,460250
73142000,交点焊接的钢铁丝制粗...,33,千克,0,—,808
73143100,其他钢铁丝制镀或涂锌...,132021,千克,0,—,259470
73143900,其他钢铁丝制交点焊接...,8248,千克,0,—,225034
73144100,镀或涂锌的钢铁丝制布...,7893,千克,0,—,95616
73144200,涂塑的钢铁丝制布、网...,2837,千克,0,—,31836
73144900,其他钢铁丝制布、网、...,75369,千克,0,—,2825288
73145000,网眼钢铁板,6334,千克,0,—,234508
73151110,自行车用滚子链,35818,千克,0,—,486364
73151120,摩托车用滚子链,15160,千克,0,—,160864
73151190,其他滚子链,364756,千克,0,—,4751626
73151200,其他铰接链（滚子链除...,450025,千克,0,—,3669640
73151900,铰接链的零件,259593,千克,0,—,2538057
73152000,防滑链,144,千克,0,—,3819
73158100,日字环节链,105453,千克,0,—,782846
73158200,其他焊接链,623163,千克,0,—,3482773
73158900,未列名钢铁链,118363,千克,0,—,1635383
73159000,链（铰接链除外）的零...,59158,千克,0,—,1506907
73160000,钢铁锚、多爪锚及其零...,108620,千克,0,—,784877
73170000,钢铁制钉、平头钉、图...,62711,千克,0,—,1115238
73181100,方头螺钉,13960,千克,0,—,76441
73181200,其他木螺钉,43088,千克,0,—,122468
73181300,钩头螺钉及环头螺钉,11758,千克,0,—,329011
73181400,自攻螺钉,1260654,千克,0,—,8835042
73181510,其他螺钉及螺栓，抗拉...,11344141,千克,0,—,74563831
73181590,其他螺钉及螺栓，抗拉...,3015207,千克,0,—,36202338
73181600,螺母,3807342,千克,0,—,41727482
73181900,其他钢铁制螺纹制品,409079,千克,0,—,6952976
73182100,弹簧垫圈及其他防松垫...,243697,千克,0,—,7351119
73182200,其他垫圈,995335,千克,0,—,20378220
73182300,铆钉,359132,千克,0,—,4978372
73182400,销及开尾销,1020475,千克,0,—,16960597
73182900,其他钢铁制无螺纹制品,544872,千克,0,—,9422671
73194010,钢铁制安全别针,626,千克,0,—,11808
73194090,钢铁制其他别针,3106,千克,0,—,21641
73199000,钢铁制的手工缝针、编...,9229,千克,0,—,584155
73201010,铁道车辆用钢铁片簧及...,6937,千克,0,—,209966
73201020,汽车用钢铁片簧及簧片,219964,千克,0,—,3679826
73201090,其他钢铁片簧及簧片,641348,千克,0,—,6986958
73202010,铁道车辆用钢铁螺旋弹...,43112,千克,0,—,649691
73202090,其他钢铁螺旋弹簧,2116976,千克,0,—,27433837
73209010,铁道车辆用其他钢铁弹...,12873,千克,0,—,355558
73209090,未列名钢铁弹簧,233080,千克,0,—,4415625
73211100,用气体等燃料的钢铁制...,71143,千克,15228,个,1430733
73211210,钢铁制家用煤油炉,3,千克,2,个,45
73211290,其他用液体燃料钢铁制...,214,千克,76,个,3701
73211900,其他钢铁制家用炊事器...,22895,千克,4823,个,350147
73218100,其他使用气体燃料的钢...,845,千克,538,个,12486
73218200,其他使用液体燃料的钢...,164,千克,11,个,9611
73218900,其他钢铁制家用器具,7569,千克,972,个,52469
73219000,品目7321的零件,148485,千克,0,—,1129872
73221100,非电热的铸铁制集中供...,250,千克,0,—,2403
73221900,非电热的其他钢铁制集...,1011795,千克,0,—,1267421
73229000,非电热钢铁制空气加热...,37841,千克,0,—,397947
73231000,钢铁丝绒、擦锅器及洗...,1796,千克,0,—,19616
73239100,未搪瓷铸铁制餐桌、厨...,127535,千克,0,—,1157568
73239200,已搪瓷铸铁制餐桌、厨...,32748,千克,0,—,428653
73239300,不锈钢制餐桌、厨房或...,233453,千克,0,—,5195816
73239410,其他已搪瓷钢铁制面盆,16566,千克,0,—,23706
73239420,其他已搪瓷钢铁制烧锅,37974,千克,0,—,269553
73239490,未列名已搪瓷钢铁制餐...,80556,千克,0,—,251973
73239900,其他未搪瓷钢铁餐桌、...,36319,千克,0,—,464023
73241000,不锈钢洗涤槽及脸盆,27411,千克,0,—,375917
73242100,铸铁浴缸，不论是否搪...,55,千克,0,—,671
73242900,其他钢铁浴缸,62666,千克,0,—,308230
73249000,未列名钢铁制卫生器具...,29630,千克,0,—,837918
73251010,工业用无可锻性铸铁制...,495732,千克,0,—,2290527
73251090,其他无可锻性铸铁制品,1203,千克,0,—,41563
73259100,可锻性铸铁及铸钢制研...,57508,千克,0,—,112229
73259910,工业用未列名可锻性铸...,210238,千克,0,—,2010637
73259990,非工业用未列名可锻性...,16080,千克,0,—,127720
73261100,经锻造或冲压的研磨机...,87,千克,0,—,3683
73261910,经锻造或冲压的工业用...,2464710,千克,0,—,17606149
73261990,经锻造或冲压的非工业...,96603,千克,0,—,1066654
73262010,工业用钢铁丝制品,273614,千克,0,—,1432612
73262090,其他钢铁丝制品,421034,千克,0,—,1100198
73269011,工业用钢铁纤维及其制...,21722,千克,0,—,173529
73269019,其他工业用钢铁制品,7979750,千克,0,—,120795776
73269090,未列名非工业用钢铁制...,4550253,千克,0,—,33607679
74010000,铜锍；沉积铜（泥铜）,5604736,千克,0,—,10781057
74020000,未精炼铜；电解精炼用...,79410521,千克,0,—,456108120
74031111,未锻轧铜含量＞99....,436622203,千克,0,—,2449131653
74031119,未锻轧其他精炼铜阴极,49162025,千克,0,—,275933159
74031200,未锻轧的精炼铜线锭,302950,千克,0,—,1763539
74031300,未锻轧的精炼铜坯段,2775515,千克,0,—,14962993
74031900,其他未锻轧的精炼铜,4883618,千克,0,—,25916030
74032100,未锻轧的铜锌合金（黄...,22342564,千克,0,—,88002769
74032200,未锻轧的铜锡合金（青...,948720,千克,0,—,4945852
74032900,其他未锻轧的铜合金,8676122,千克,0,—,36810026
74040000,铜废碎料,68667586,千克,0,—,292283367
74050000,铜母合金,1439018,千克,0,—,6150964
74061010,精炼铜非片状粉末,5986948,千克,0,—,32336077
74061020,铜镍合金（白铜）或铜...,27632,千克,0,—,222086
74061030,铜锌合金（黄铜）非片...,71456,千克,0,—,846661
74061040,铜锡合金（青铜）非片...,29016,千克,0,—,365361
74061090,其他铜合金非片状粉末,1655826,千克,0,—,8443843
74062010,精炼铜片状粉末,39062,千克,0,—,585792
74062090,其他铜合金片状粉末,52005,千克,0,—,505435
74071010,铬锆铜制精炼铜条、杆...,41087,千克,0,—,420351
74071090,其他精炼铜条、杆、型...,576490,千克,0,—,4796208
74072111,铜锌合金（黄铜）条、...,1247726,千克,0,—,5989307
74072119,铜锌合金（黄铜）条、...,5023537,千克,0,—,20851497
74072190,铜锌合金（黄铜）制型...,180089,千克,0,—,1046939
74072900,其他铜合金条、杆、型...,85045,千克,0,—,1529357
74081100,最大截面尺寸＞6mm...,4422856,千克,0,—,24779523
74081900,其他精炼铜丝,3083583,千克,0,—,22077864
74082100,铜锌合金丝,206822,千克,0,—,2092859
74082210,铜镍锌铅合金（加铅德...,146,千克,0,—,4614
74082290,其他铜镍合金（白铜)...,11083,千克,0,—,365700
74082900,其他铜合金丝,115701,千克,0,—,3525982
74091110,含氧≤10PPM盘卷...,611479,千克,0,—,5400426
74091190,其他盘卷的精炼铜板、...,1560049,千克,0,—,13660882
74091900,其他精炼铜板、片及带...,487792,千克,0,—,4146358
74092100,盘卷的铜锌合金板、片...,2707559,千克,0,—,16572325
74092900,其他铜锌合金板、片及...,56828,千克,0,—,466763
74093100,盘卷的铜锡合金板、片...,725407,千克,0,—,6230230
74093900,其他铜锡合金板、片及...,2853,千克,0,—,553369
74094000,铜镍、铜镍锌合金板、...,1055717,千克,0,—,10054664
74099000,其他铜合金板、片及带...,1685470,千克,0,—,19119946
74101100,无衬背精炼铜箔，厚≤...,9058180,千克,0,—,104217365
74101210,无衬背铜镍合金或铜镍...,381538,千克,0,—,6075609
74101290,其他无衬背铜合金箔，...,666455,千克,0,—,10788692
74102110,印制电路用覆铜板,4983453,千克,0,—,107262404
74102190,其他有衬背精炼铜箔，...,453928,千克,0,—,13989247
74102210,衬背铜镍，铜镍锌合金...,3605,千克,0,—,828179
74102290,其他有衬背铜合金箔，...,15378,千克,0,—,332670
74111011,带有螺纹或翅片的精炼...,321180,千克,0,—,2700296
74111019,其他精炼铜管，外径≤...,229721,千克,0,—,2796758
74111020,外径超过70毫米的精...,1464373,千克,0,—,7843048
74111090,其他精炼铜管，25m...,136891,千克,0,—,1024664
74112110,盘卷的铜锌合金（黄铜...,4,千克,0,—,601
74112190,其他铜锌合金（黄铜）...,79992,千克,0,—,1048949
74112200,铜镍合金或铜镍锌合金...,10621,千克,0,—,288569
74112900,其他铜合金管,26440,千克,0,—,870226
74121000,精炼铜管子附件,24791,千克,0,—,864979
74122010,铜镍合金或铜镍锌合金...,33025,千克,0,—,1580419
74122090,其他铜合金管子附件,267133,千克,0,—,8526294
74130000,非绝缘铜丝绞线、缆、...,896119,千克,0,—,7768268
74151000,铜制或钢铁制带铜头的...,9025,千克,0,—,367499
74152100,铜制垫圈（包括弹簧垫...,27954,千克,0,—,2163222
74152900,其他铜制无螺纹制品,53534,千克,0,—,1929790
74153310,铜制木螺钉,4,千克,0,—,24
74153390,铜制其他螺钉；螺栓及...,69043,千克,0,—,3525319
74153900,其他铜制螺纹制品,10641,千克,0,—,509912
74181010,铜制擦锅器及洗刷擦光...,8,千克,0,—,330
74181020,非电热的铜制家用烹饪...,1658,千克,0,—,62917
74181090,其他餐桌、厨房或其他...,1804,千克,0,—,115280
74182000,铜制卫生器具及其零件,25565,千克,0,—,968826
74191000,铜制链条及其零件,208,千克,0,—,58835
74199110,铸造、模压、冲压或锻...,94435,千克,0,—,2164798
74199190,铸造、模压、冲压或锻...,4216,千克,0,—,190527
74199920,铜弹簧,9216,千克,0,—,2727337
74199930,铜丝布（包括环型带）,1521,千克,0,—,125014
74199940,铜丝制网、格栅、网眼...,4068,千克,0,—,352021
74199991,未列名工业用铜制品,575519,千克,0,—,17607879
74199999,未列名非工业用铜制品,50487,千克,0,—,14357726
75011000,镍锍,535600,千克,0,—,4286251
75012010,镍湿法冶炼中间产品,26744910,千克,0,—,63422211
75012090,其他氧化镍烧结物及镍...,2775038,千克,0,—,22425527
75021010,按重量计镍、钴总量≥...,2142751,千克,0,—,26697186
75021090,其他未锻轧非合金镍,14680566,千克,0,—,186798456
75022000,未锻轧的镍合金,50976,千克,0,—,1447232
75040010,非合金镍粉及片状粉末,1536986,千克,0,—,19911161
75040020,合金镍粉及片状粉末,56135,千克,0,—,2184885
75051100,非合金镍条、杆、型材...,7443,千克,0,—,434820
75051200,镍合金条、杆、型材及...,459950,千克,0,—,12315773
75052100,非合金镍丝,30,千克,0,—,5728
75052200,镍合金丝,271556,千克,0,—,8852132
75061000,非合金镍板、片、带、...,71135,千克,0,—,2567729
75062000,镍合金板、片、带、箔,731175,千克,0,—,15877137
75071100,非合金镍管,7069,千克,0,—,345797
75071200,镍合金管,137226,千克,0,—,5072703
75072000,镍管子附件,3825,千克,0,—,492661
75081080,工业用镍格栅及网,8768,千克,0,—,1944709
75081090,非工业用镍格栅及网,21,千克,0,—,9735
75089010,电镀用镍阳极,13548,千克,0,—,164088
75089080,其他工业用镍制品,72075,千克,0,—,6410237
75089090,其他非工业用镍制品,2943,千克,0,—,951321
76011010,含铝量≥99.95%...,86324,千克,0,—,604327
76011090,含铝量＜99.95%...,123355434,千克,0,—,200710918
76012000,未锻轧的铝合金,131001971,千克,0,—,194747952
76020000,铝废碎料,61070753,千克,0,—,69307584
76031000,铝非片状粉末,6281,千克,0,—,252636
76032000,铝片状粉末,95895,千克,0,—,1246173
76041010,非合金铝制条、杆,9887,千克,0,—,66481
76041090,非合金铝制型材及异型...,59129,千克,0,—,259877
76042100,铝合金制空心异型材,467059,千克,0,—,2862291
76042910,铝合金制条、杆,1116077,千克,0,—,6197355
76042990,其他铝合金制型材及异...,916508,千克,0,—,7888257
76051100,最大截面尺寸超过7毫...,249488,千克,0,—,457802
76051900,其他非合金铝丝,74358,千克,0,—,1338611
76052100,最大截面尺寸超过7毫...,472600,千克,0,—,1693923
76052900,其他铝合金丝,350413,千克,0,—,2275117
76061121,铝塑复合的非合金铝矩...,32,千克,0,—,11684
76061129,其他非合金铝矩形板、...,104830,千克,0,—,525873
76061191,其他铝塑复合的非合金...,187215,千克,0,—,371126
76061199,其他非合金铝矩形板、...,523653,千克,0,—,3736670
76061220,铝合金矩形板、片，0...,387998,千克,0,—,1688947
76061230,铝合金矩形板、片，0...,293307,千克,0,—,1425859
76061251,铝塑复合的铝合金矩形...,38947,千克,0,—,311304
76061259,其他铝合金矩形板、片...,19281646,千克,0,—,54103540
76061290,铝合金矩形板、片，厚...,2357556,千克,0,—,12764046
76069100,其他非合金铝板、片及...,161301,千克,0,—,920851
76069200,其他铝合金板、片及带...,97578,千克,0,—,557436
76071110,轧后未加工无衬背铝箔...,32650,千克,0,—,113986
76071120,轧后未加工无衬背铝箔...,87480,千克,0,—,688249
76071190,轧后未加工无衬背铝箔...,1441512,千克,0,—,8008566
76071900,其他无衬背铝箔,1786449,千克,0,—,46420706
76072000,有衬背铝箔,3114593,千克,0,—,39496545
76081000,非合金铝管,70469,千克,0,—,1022026
76082010,铝合金管，外径≤10...,394147,千克,0,—,3532804
76082091,铝合金管，壁厚≤25...,11397,千克,0,—,156246
76082099,铝合金管，壁厚＞25...,52172,千克,0,—,428509
76090000,铝制管子附件（例如，...,95171,千克,0,—,5379528
76101000,铝制门窗及其框架、门...,75172,千克,0,—,653218
76109000,其他铝制结构体；铝结...,340458,千克,0,—,4527830
76110000,铝制槽、罐、桶等容器...,180209,千克,0,—,1147366
76121000,铝制软管容器,13092,千克,0,—,249180
76129090,其他容积≤300L的...,117406,千克,0,—,2198771
76130010,装压缩气体或液化气体...,687,千克,0,—,232432
76130090,装压缩气体或液化气体...,30802,千克,0,—,871312
76149000,其他非绝缘的铝制绞股...,1434,千克,0,—,37246
76151010,铝制擦锅器、洗刷擦光...,16,千克,0,—,76
76151090,其他铝制餐桌、厨房或...,341349,千克,0,—,3721573
76152000,铝制卫生器具及其零件,705,千克,0,—,39249
76161000,铝制钉、螺钉、螺栓、...,184091,千克,0,—,8640216
76169100,铝丝制布、网、篱及格...,2314,千克,0,—,413360
76169910,其他工业用铝制品,1708308,千克,0,—,33937011
76169990,其他非工业用铝制品,427533,千克,0,—,10782968
78011000,未锻轧的精炼铅,9875125,千克,0,—,16883611
78019100,按重量计所含其他元素...,1399016,千克,0,—,2204348
78019900,其他未锻轧铅,1971994,千克,0,—,3644912
78041100,铅片、带及厚度（衬背...,1424,千克,0,—,43229
78041900,铅板,21904,千克,0,—,374078
78042000,铅粉及片状粉末,159,千克,0,—,2903
78060010,铅条、杆、型材及异型...,1772,千克,0,—,114897
78060090,其他铅制品,57888,千克,0,—,483474
79011110,含锌量≥99.995...,53219688,千克,0,—,108205593
79011190,99.99%≤含锌量...,10742689,千克,0,—,22055460
79011200,含锌量低于99.99...,708997,千克,0,—,1537868
79012000,未锻轧锌合金,5529909,千克,0,—,12917660
79020000,锌废碎料,16801021,千克,0,—,33687114
79031000,锌末,401510,千克,0,—,1032062
79039000,锌粉及片状粉末,877387,千克,0,—,3650013
79040000,锌条、杆、型材及异型...,111592,千克,0,—,374169
79050000,锌板、片、带、箔,335065,千克,0,—,1253910
79070020,锌制管及管子附件（例...,8214,千克,0,—,186021
79070090,其他锌制品,142607,千克,0,—,2631739
80011000,未锻轧的非合金锡,1665951,千克,0,—,26600808
80012021,按重量计含铅量＜0....,17839,千克,0,—,339988
80012029,其他未锻轧的焊锡,25078,千克,0,—,333085
80012090,其他未锻轧的锡合金,27627,千克,0,—,274992
80030000,锡条、杆、型材及异型...,302914,千克,0,—,6260165
80070020,锡板、片及带，厚度＞...,765,千克,0,—,59030
80070030,锡箔，厚（除衬背）≤...,33677,千克,0,—,1133747
80070040,锡制管及管子附件（例...,29,千克,0,—,16035
80070090,未列名锡制品,24470,千克,0,—,1302884
81011000,钨粉,2857,千克,0,—,306149
81019400,未锻轧钨，包括简单烧...,308,千克,0,—,58991
81019600,钨丝,500,千克,0,—,839023
81019910,钨条、杆、型材及异型...,582,千克,0,—,160466
81019990,其他钨制品,1606,千克,0,—,1164716
81021000,钼粉,159,千克,0,—,6632
81029400,未锻轧钼，包括简单烧...,0,千克,0,—,1811
81029500,钼条、杆、型材及异型...,38163,千克,0,—,2500968
81029600,钼丝,1149,千克,0,—,109380
81029900,其他钼制品,1379,千克,0,—,902929
81032011,松装密度＜2.2g/...,578,千克,0,—,484842
81032090,其他未锻轧钽，包括简...,0,千克,0,—,28
81039011,直径＜0.5mm的钽...,1,千克,0,—,8056
81039019,直径≥0.5mm的钽...,1,千克,0,—,9945
81039090,其他锻轧钽及钽制品,20945,千克,0,—,6288020
81041100,含镁量≥99.8%的...,6,千克,0,—,2940
81041900,其他未锻轧镁,0,千克,0,—,570
81049010,锻轧镁,269,千克,0,—,5804
81049020,镁制品,2257,千克,0,—,147003
81052010,钴湿法冶炼中间产品,15268389,千克,0,—,99578764
81052020,未锻轧钴,222066,千克,0,—,6564058
81052090,其他钴锍及冶炼钴时所...,389683,千克,0,—,5363990
81059000,锻轧钴及钴制品,41647,千克,0,—,5633856
81060010,未锻轧铋；废碎料；粉...,3930,千克,0,—,88097
81060090,锻轧铋及铋制品,409,千克,0,—,77682
81072000,未锻轧镉；粉末,262790,千克,0,—,632286
81079000,锻轧镉及镉制品,2,千克,0,—,9726
81082021,海绵钛,256225,千克,0,—,1982837
81082029,其他未锻轧钛,30815,千克,0,—,875123
81082030,钛粉末,24024,千克,0,—,722492
81089010,钛条、杆、型材及异型...,115485,千克,0,—,5731278
81089020,钛丝,14422,千克,0,—,939363
81089031,厚度≤0.8mm的钛...,193219,千克,0,—,3914084
81089032,厚度＞0.8mm的钛...,60720,千克,0,—,4466817
81089040,钛管,3068,千克,0,—,697193
81089090,其他锻轧钛及钛制品,47030,千克,0,—,16297815
81092000,未锻轧锆；粉末,7287,千克,0,—,101058
81099000,锻轧锆及锆制品,45756,千克,0,—,1675899
81101010,未锻轧锑,1,千克,0,—,1040
81101020,锑粉末,16,千克,0,—,13196
81109000,其他锑及锑制品,1740,千克,0,—,34437
81110010,未锻轧锰；废碎料；粉...,196001,千克,0,—,226502
81110090,锻轧锰及锰制品,5196,千克,0,—,149794
81121200,未锻轧铍；粉末,1022,千克,0,—,724889
81122100,未锻轧铬；粉末,37765,千克,0,—,647186
81122900,锻轧铬及铬制品,3188,千克,0,—,262615
81125900,锻轧铊及铊制品,0,千克,0,—,1145
81129210,未锻轧的锗；废碎料；...,3001,千克,0,—,2466185
81129220,未锻轧的钒；废碎料；...,2,千克,0,—,4254
81129230,未锻轧的铟；废碎料；...,911,千克,0,—,129129
81129240,未锻轧的铌；废碎料；...,11095,千克,0,—,1115183
81129290,未锻轧的镓、铪、铼；...,297,千克,0,—,187459
81129910,锻轧的锗及其制品,251,千克,0,—,280056
81129920,锻轧的钒及其制品,1,千克,0,—,4507
81129930,锻轧的铟及其制品,915,千克,0,—,833679
81129940,锻轧的铌及其制品,104,千克,0,—,77618
81129990,锻轧的镓、铪、铼及其...,173,千克,0,—,207785
81130010,金属陶瓷颗粒；粉末,11300,千克,0,—,845530
81130090,其他金属陶瓷及其制品...,72216,千克,0,—,6569961
82011000,锹及铲,3055,千克,6367,把,40660
82013000,镐、锄及耙,921,千克,2385,把,17705
82014000,斧子、钩刀及类似砍伐...,1521,千克,1550,把,82987
82015000,修枝剪及类似的单手操...,31998,千克,168836,把,426333
82016000,树篱剪、双手修枝剪及...,49978,千克,92279,把,212951
82019010,叉,55,千克,44,把,400
82019090,其他用于农业、园艺或...,1224,千克,10926,把,26930
82021000,手工锯,16964,千克,58758,把,238208
82022010,双金属带锯条,172040,千克,0,—,2447592
82022090,其他带锯片,72122,千克,0,—,1360055
82023100,带有钢制工作部件的圆...,37227,千克,0,—,924537
82023910,带有天然或合成金刚石...,5348,千克,0,—,1793814
82023990,未列名圆锯片，包括部...,188480,千克,0,—,2386360
82024000,链锯条,119279,千克,0,—,2240501
82029110,机械锯用锯金属的直锯...,9261,千克,0,—,381880
82029190,其他锯金属的直锯片,9805,千克,0,—,187309
82029910,其他机械锯用锯片,31707,千克,0,—,1113606
82029990,未列名锯片,12377,千克,0,—,333372
82031000,钢锉、木锉及类似工具,8266,千克,225667,把,258045
82032000,钳子（包括剪钳）、镊...,99751,千克,1428481,把,2769402
82033000,白铁剪及类似工具,27030,千克,176930,把,171554
82034000,切管器、螺栓切头器、...,3913,千克,20431,把,141142
82041100,固定的手动扳手及扳钳,897648,千克,13484083,把,5363475
82041200,可调的手动扳手及扳钳,49914,千克,250376,把,1111961
82042000,可互换的扳手套筒，不...,1212714,千克,23093939,套,4804653
82051000,钻孔或攻丝工具,1198,千克,7247,个,148421
82052000,锤子,39027,千克,59915,个,166964
82053000,木工刨子、凿子及类似...,6187,千克,201376,个,123006
82054000,螺丝刀,152690,千克,12365183,个,1537067
82055100,其他家用手工工具,17202,千克,545581,个,513100
82055900,其他手工工具,80123,千克,720010,个,4411797
82056000,喷灯,581,千克,94241,个,19614
82057000,台钳、夹钳及类似品,10583,千克,34973,个,388017
82059000,砧、轻便锻炉；带支架...,15474,千克,0,—,2378880
82060000,8202至8205中...,66361,千克,0,—,2177217
82071300,带有金属陶瓷制工作部...,29106,千克,0,—,217869
82071910,带金刚石、立方氮化硼...,119733,千克,0,—,3801187
82071990,其他凿岩或钻探工具,160967,千克,0,—,1908486
82072010,带金刚石、立方氮化硼...,2966,千克,30340,套,529027
82072090,其他材料制工作部件的...,38119,千克,285681,套,2793648
82073000,锻压或冲压工具,3529721,千克,0,—,67369752
82074000,攻丝工具,52609,千克,1272295,件,11926879
82075010,超硬材料制工作部件的...,2075,千克,8550,件,406174
82075090,其他材料制工作部件的...,230074,千克,33707933,件,19874578
82076010,超硬材料制工作部件的...,1367,千克,1550,件,656205
82076090,其他材料制工作部件的...,8075,千克,20055,件,2836556
82077010,带有天然或合成金刚石...,1210,千克,13133,件,1357083
82077090,其他铣削工具,61089,千克,3793380,件,14645785
82078010,带有天然或合成金刚石...,249,千克,17831,件,411761
82078090,其他车削工具,6083,千克,77571,件,1048820
82079010,超硬材料制工作部件的...,3671,千克,22072,件,2578691
82079090,其他材料制工作部件的...,417622,千克,46143914,件,6868303
82081011,经镀或涂层的硬质合金...,47830,千克,0,—,29563132
82081019,其他硬质合金制的金工...,72045,千克,0,—,21607883
82081090,其他金工机械用刀及刀...,13433,千克,0,—,3932888
82082000,木工机械用刀及刀片,20771,千克,0,—,710634
82083000,厨房器具或食品工业机...,13260,千克,0,—,454761
82084000,农业、园艺或林业机器...,88239,千克,0,—,1183766
82089000,未列名机器或机械器具...,290694,千克,0,—,14032594
82090010,未装配的工具用金属陶...,1139,千克,0,—,139426
82090021,晶粒度小于0.8微米...,20644,千克,0,—,3182940
82090029,晶粒度不小于0.8微...,11556,千克,0,—,1933497
82090030,未装配的工具用金属陶...,26187,千克,0,—,7443653
82090090,其他未装配的工具用金...,32679,千克,0,—,3867961
82100000,加工调制食品或饮料手...,10351,千克,26366,台,351533
82111000,成套的刀,4198,千克,3851,套,178806
82119100,刃面固定的餐刀,4744,千克,50454,把,114978
82119200,其他刃面固定的刀,6590,千克,129237,把,428257
82119300,可换刃面的刀,4994,千克,453797,把,305524
82119400,品目8211所列刀的...,51397,千克,0,—,927551
82119500,贱金属制刀柄,1049,千克,0,—,60005
82121000,剃刀,163146,千克,14288220,把,2666781
82122000,安全刀片，包括未分开...,114360,千克,99896969,片,5801283
82129000,其他剃刀零件,27439,千克,0,—,1183209
82130000,剪刀、裁缝剪刀及类似...,21200,千克,0,—,569229
82141000,裁纸刀、开信刀、改错...,17613,千克,0,—,329671
82142000,修指甲及修脚用具（包...,29310,千克,0,—,924227
82149000,未列名利口器,19631,千克,0,—,1137992
82151000,成套厨房或餐桌用具，...,1611,千克,0,—,153520
82152000,其他成套的餐匙、餐叉...,16239,千克,0,—,359145
82159100,其他镀贵金属的餐匙、...,347,千克,0,—,43961
82159900,其他餐匙、餐叉、勺等...,24726,千克,0,—,563755
83011000,挂锁,5288,千克,49704,把,156924
83012010,机动车用中央控制门锁,218337,千克,357336,套,4915586
83012090,机动车用其他锁,182646,千克,428496,套,6805865
83013000,家具用锁,54973,千克,924131,个,448656
83014000,未列名锁,204354,千克,677180,个,9319251
83015000,带锁的扣环及扣环框架,2582,千克,0,—,133337
83016000,锁的零件,879309,千克,0,—,15001891
83017000,钥匙,14131,千克,0,—,863341
83021000,贱金属制铰链（折叶）,2790081,千克,0,—,27548255
83022000,贱金属制小脚轮,263110,千克,0,—,1952839
83023000,其他机动车辆用的贱金...,322852,千克,0,—,2028737
83024100,建筑用其他贱金属制附...,874382,千克,0,—,8936422
83024200,家具用其他贱金属制附...,1571960,千克,0,—,9883322
83024900,鞍具、衣箱、盒子等其...,221414,千克,0,—,4435514
83025000,贱金属制帽架、帽钩、...,72556,千克,0,—,473606
83026000,贱金属制自动闭门器,227652,千克,760215,个,2279062
83030000,装甲加强的贱金属保险...,61526,千克,398,个,147655
83040000,贱金属档案柜、文件篮...,1123,千克,0,—,12835
83051000,贱金属制活页夹或卷宗...,11595,千克,0,—,48495
83052000,贱金属制成条钉书钉,30483,千克,0,—,314824
83059000,贱金属信夹、文件夹、...,3456,千克,0,—,112733
83061000,非电动的贱金属铃、钟...,1965,千克,0,—,41226
83062100,镀贵金属的雕塑像及其...,2419,千克,0,—,241214
83062910,景泰蓝的雕塑像及其他...,146,千克,0,—,4945
83062990,未列名贱金属雕塑像及...,81953,千克,0,—,808444
83063000,贱金属的相框、画框及...,7613,千克,0,—,123024
83071000,钢铁制软管，不论是否...,151888,千克,0,—,6250804
83079000,其他贱金属制软管，不...,36792,千克,0,—,1359403
83081000,贱金属制钩、环、眼,160886,千克,0,—,3451688
83082000,贱金属制的管形铆钉及...,103780,千克,0,—,4338766
83089000,其他贱金属制扣及类似...,16848,千克,0,—,2053958
83091000,贱金属制冠形瓶塞,13969,千克,0,—,314608
83099000,贱金属制其他塞、盖、...,533690,千克,0,—,8102973
83100000,贱金属标志牌、铭牌、...,26260,千克,0,—,4330654
83111000,焊剂涂面的贱金属电极...,616576,千克,0,—,4516220
83112000,焊剂为芯的贱金属制焊...,1377882,千克,0,—,5460097
83113000,焊剂涂面或做芯贱金属...,645580,千克,0,—,4089288
83119000,其他贱金属焊条等；贱...,317147,千克,0,—,1305632
84013090,未辐照燃料元件的零件,66946,千克,0,—,17151485
84014090,其他核反应堆零件,575,千克,88,台,1024137
84021200,蒸发量≤45吨/时的...,3,台,10709,千克,201831
84021900,未列名蒸汽锅炉，包括...,28,台,371545,千克,4082678
84029000,蒸汽及过热水锅炉零件,174357,千克,0,—,5165147
84031010,家用型集中供暖用的热...,32149,台,1094309,千克,12699457
84031090,其他集中供暖用的热水...,119,台,103204,千克,1268579
84039000,集中供暖用的热水锅炉...,128022,千克,0,—,804779
84041010,蒸汽锅炉和过热水锅炉...,12663,千克,0,—,234636
84041020,集中供暖用锅炉的辅助...,200,千克,0,—,5624
84042000,水蒸汽或其他蒸汽动力...,9374,千克,0,—,115234
84049010,84041020所列...,5,千克,0,—,2222
84049090,84041010、8...,2072,千克,0,—,36623
84051000,煤气发生器；乙炔发生...,19871,千克,0,—,1185324
84059000,煤气发生器及乙炔发生...,3799,千克,0,—,213352
84068110,40兆瓦＜输出功率≤...,3,台,334537,千克,8542453
84068200,输出功率≤40兆瓦的...,16,台,25957,千克,1913212
84069000,汽轮机零件,638441,千克,0,—,8966106
84071010,功率≤298kw航空...,76,台,3080,千克,928711
84072100,船用舷外点燃往复或旋...,2369,台,501978,千克,19442411
84072900,船舶用其他点燃往复或...,14,台,2128,千克,122992
84073200,车用往复活塞发动机，...,1584,台,48150,千克,821790
84073300,车用往复活塞发动机，...,694,台,31786,千克,484724
84073410,3000ml≥排量＞...,56494,台,6936253,千克,132312297
84073420,排量＞3000ml车...,2183,台,381241,千克,6633218
84079010,沼气发动机,1,台,12730,千克,490830
84079090,未列名点燃式活塞内燃...,47755,台,812421,千克,11313777
84081000,船舶用柴油机,144,台,7334522,千克,69006533
84082010,车用柴油机，P≥13...,264,台,447311,千克,13622672
84082090,其他车辆用柴油机,265,台,77475,千克,1026845
84089010,机车用柴油机,18,台,23341,千克,527613
84089091,其他输出功率≤14k...,2221,台,185594,千克,2837322
84089092,其他14kw＜输出功...,20412,台,5939641,千克,81371751
84089093,其他输出功率≥132...,5784,台,7043612,千克,124514688
84091000,航空器发动机零件,470,千克,0,—,483582
84099110,船舶用点燃式活塞内燃...,209177,千克,0,—,4600191
84099191,电控燃油喷射装置,21947,千克,51140,套,1927201
84099199,其他点燃式活塞内燃发...,6320578,千克,0,—,171430656
84099910,船舶用柴油机的零件,1600575,千克,0,—,37892154
84099920,机车用柴油机的零件,20646,千克,0,—,1682590
84099991,P≥132.39kw...,2690751,千克,0,—,43893459
84099999,未列名柴油机的零件,1809065,千克,0,—,24720132
84101330,P＞200000kw...,2,台,27,千克,1292
84109090,其他水轮机及水轮的零...,1950,千克,0,—,108000
84111110,涡轮风扇喷气发动机，...,10,台,200,千克,416354
84111190,其他涡轮喷气发动机，...,45,台,6065,千克,726802
84111210,涡轮风扇喷气发动机，...,42,台,141316,千克,372984814
84112100,涡轮螺桨发动机，P≤...,4,台,600,千克,1501444
84112210,2238≥功率＞11...,2,台,1400,千克,14234
84118100,其他燃气轮机，P≤5...,25,台,5551,千克,11061608
84118200,其他燃气轮机，P＞5...,2,台,9913,千克,6080936
84119100,涡轮喷气发动机或涡轮...,95231,千克,0,—,150100666
84119910,涡轮轴发动机用零件,1504,千克,0,—,4231046
84119990,未列名燃气轮机的零件,180636,千克,0,—,32637750
84122100,直线作用（液压缸）的...,239007,台,1843476,千克,36679394
84122910,液压马达,51905,台,2314435,千克,39360245
84122990,其他液压动力装置,5252,台,469723,千克,18340641
84123100,直线作用（气压缸）的...,382349,台,344520,千克,18859369
84123900,其他气压动力装置,49319,台,100259,千克,5518569
84128000,未列名发动机及动力装...,40518,台,67982,千克,3973992
84129010,航空器及航天器喷气发...,777,千克,0,—,1153345
84129090,8412其他发动机及...,1661680,千克,0,—,34961903
84131100,分装燃料或润滑油的计...,124,台,3412,千克,112478
84131900,其他装有或可装计量装...,60104,台,118222,千克,14171370
84132000,手泵，但装有或可装计...,4761746,台,80772,千克,2779773
84133021,输出P≥132.39...,185230,台,514673,千克,21961325
84133029,其他活塞式内燃发动机...,777055,台,725341,千克,26682772
84133030,活塞式内燃发动机的润...,75718,台,105645,千克,3344013
84133090,活塞式内燃发动机用冷...,493164,台,600910,千克,23694720
84134000,混凝土泵,12,台,9751,千克,359917
84135010,气动往复式排液泵,22492,台,116108,千克,8672392
84135020,电动往复式排液泵,1206925,台,590067,千克,26212499
84135031,液压往复式柱塞泵,103410,台,1157007,千克,26730640
84135039,其他液压往复式排液泵,24351,台,562099,千克,11611788
84135090,未列名往复式排液泵,326131,台,266133,千克,6646961
84136021,电动回转式齿轮泵,399327,台,596571,千克,34398391
84136022,液压回转式齿轮泵,39915,台,169513,千克,4886253
84136029,其他回转式齿轮泵,114545,台,270845,千克,6711804
84136031,电动回转式叶片泵,94290,台,131499,千克,3036275
84136032,液压回转式叶片泵,64181,台,165874,千克,4477102
84136039,其他回转式叶片泵,6085,台,18289,千克,490945
84136040,回转式螺杆泵,2161,台,183173,千克,4353458
84136050,回转式径向柱塞泵,2072,台,41027,千克,1346652
84136060,回转式轴向柱塞泵,31100,台,687633,千克,16488187
84136090,其他回转式排液泵,63988,台,110355,千克,4815951
84137010,转速≥10000转/...,47751,台,13260,千克,393952
84137091,转速＜10000转/...,3792,台,208889,千克,3881226
84137099,转速＜10000转/...,383582,台,1997087,千克,54188112
84138100,未列名液体泵,210809,台,314063,千克,10287481
84138200,液体提升机,321,台,7276,千克,166246
84139100,液体泵零件,2803631,千克,0,—,73995912
84139200,液体提升机零件,856,千克,0,—,33887
84141000,真空泵,196213,台,1474084,千克,63146252
84142000,手动或脚踏式空气泵,80936,台,16436,千克,238416
84143011,冷藏、冷冻箱压缩机，...,151742,台,1277394,千克,6322919
84143012,0.4kw＜电动机额...,29499,台,494604,千克,3150525
84143013,0.4kw＜电动机额...,150665,台,2420989,千克,19361961
84143014,电动机额定功率＞5k...,75313,台,1652507,千克,21875117
84143015,电动机额定功率＞5k...,2053,台,405212,千克,5078072
84143019,电机驱动的其他制冷设...,30532,台,439385,千克,8758859
84143090,非电动机驱动的制冷设...,132702,台,932505,千克,22938331
84144000,装在拖车底盘上的空气...,30,台,7342,千克,41677
84145110,输出功率≤125瓦的...,1369,台,6487,千克,103808
84145120,输出功率≤125瓦的...,12802,台,5242,千克,150931
84145130,输出功率≤125瓦的...,628,台,340,千克,17489
84145191,输出功率≤125瓦的...,26,台,71,千克,989
84145192,输出功率≤125瓦的...,18397,台,114691,千克,4059296
84145193,输出功率≤125瓦的...,59,台,90,千克,9490
84145199,输出功率≤125瓦的...,634899,台,153546,千克,6156729
84145910,其他吊扇,944,台,19965,千克,226690
84145920,其他换气扇,179,台,29135,千克,127609
84145930,离心通风机,122696,台,743526,千克,11018853
84145990,未列名风机、风扇,12261486,台,2622234,千克,80504013
84146010,抽油烟机，罩平面最大...,1971,台,35635,千克,712160
84146090,其他罩平面最大边长≤...,885,台,6231,千克,318711
84148020,二氧化碳压缩机,4370,台,18272,千克,286422
84148030,发动机用增压器（涡轮...,83299,台,793725,千克,35385057
84148040,空气及其他气体压缩机,57213,台,1935231,千克,54831902
84148090,其他空气泵，通风罩、...,1411004,台,623742,千克,15864804
84149011,84143011至8...,36036,千克,0,—,780584
84149019,84143011至8...,1821589,千克,0,—,22635990
84149020,84145110至8...,187855,千克,0,—,1438093
84149090,8414所列其他机器...,3184105,千克,0,—,80532940
84151010,独立窗式、壁式、置于...,54,台,17861,千克,380238
84151021,制冷量≤4000大卡...,4,台,178,千克,3140
84151022,制冷量＞4000大卡...,336,台,30481,千克,509039
84152000,机动车辆上供人使用的...,68149,台,675762,千克,19670254
84158110,装冷热换向阀空调器，...,14,台,391,千克,210615
84158120,装冷热换向阀空调器，...,650,台,73045,千克,946198
84158210,其他空气调节器，制冷...,102,台,4828,千克,1084871
84158220,其他空气调节器，制冷...,73,台,37272,千克,5169500
84158300,未装有制冷装置的空气...,996,台,86096,千克,1582324
84159010,84151010、8...,154243,千克,0,—,2764759
84159090,84151022、8...,1500161,千克,0,—,28518213
84161000,使用液体燃料的炉用燃...,117001,千克,0,—,4417452
84162011,使用天然气的炉用燃烧...,324758,千克,0,—,13725716
84162019,使用其他气体燃料的炉...,51180,千克,0,—,2203112
84162090,使用粉状固体燃料的炉...,6576,千克,0,—,115739
84169000,品目8416的零件,102592,千克,0,—,3075789
84171000,矿砂或金属的焙烧、熔...,5,台,242646,千克,5258036
84172000,面包房用烤炉及烘箱，...,19,台,83480,千克,1386765
84178050,垃圾焚烧炉,8,台,778043,千克,11921568
84178090,未列名非电热的工业或...,45,台,434821,千克,11369177
84179010,海绵铁回转窑的零件,1690,千克,0,—,9976
84179020,焦炉零件,890,千克,0,—,37021
84179090,品目84.17其他设...,229109,千克,0,—,7419176
84181010,各自装门的冷藏-冷冻...,3033,台,391800,千克,3531917
84181020,200L＜容积≤50...,6953,台,530348,千克,5599520
84181030,容积≤200L的冷藏...,128,台,4690,千克,63182
84182110,容积＞150L的压缩...,810,台,70673,千克,1108449
84182120,50L＜容积≤150...,95,台,3611,千克,96209
84182130,容积≤50L的压缩式...,14,台,253,千克,9931
84182910,半导体制冷式家用型冷...,4,台,8,千克,718
84182920,电气吸收式家用型冷藏...,15,台,851,千克,13842
84182990,其他家用型冷藏箱,4,台,471,千克,8161
84183010,T≤-40℃的柜式冷...,43,台,4127,千克,206770
84183021,T＞-40℃的柜式冷...,32,台,12000,千克,151338
84183029,T＞-40℃的柜式冷...,31,台,573,千克,201052
84184010,T≤-40℃的立式冷...,279,台,88246,千克,2051490
84184021,T＞-40℃的立式冷...,1,台,382,千克,8700
84184029,T＞-40℃的立式冷...,1204,台,93185,千克,1185609
84185000,用于存储和展示的其他...,557,台,55895,千克,1173045
84186120,压缩式热泵,107,台,49444,千克,1151149
84186190,其他热泵,4,台,0,千克,70
84186920,其他制冷机组,6899,台,2509663,千克,50622471
84186990,未列名制冷设备,3415,台,370428,千克,21828554
84189100,冷藏或冷冻设备专用的...,300,千克,0,—,14886
84189910,制冷机组及热泵的零件,135802,千克,0,—,1637012
84189991,T≤-40℃的冷冻设...,23266,千克,0,—,547367
84189992,T＞-40℃，容积＞...,194195,千克,0,—,1598356
84189999,品目8418设备的未...,194435,千克,0,—,4098956
84191100,燃气快速热水器,6778,台,119334,千克,2127753
84192000,医用或实验室用消毒器...,385,台,87723,千克,5767799
84193100,农产品干燥器,5,台,1087,千克,3978
84193200,木材、纸浆、纸或纸板...,2,台,746,千克,31685
84193990,未列名干燥器,9762,台,801971,千克,29726357
84194090,其他蒸馏或精馏设备,85,台,50388,千克,2402538
84195000,热交换装置,102025,台,2859168,千克,54887903
84196019,其他制氧机,262,台,1796,千克,63516
84196090,未列名液化空气或其他...,9,台,23689,千克,931914
84198100,加工热饮料或烹调、加...,4005,台,287902,千克,17518452
84198910,加氢反应器,5,台,578571,千克,6979338
84198990,未列名利用温度变化处...,414212,台,1331693,千克,63604965
84199010,热水器零件,37088,千克,0,—,444983
84199090,品目8419其他设备...,1401687,千克,0,—,30412458
84201000,砑光机或其他滚压机器,132,台,1143333,千克,22928476
84209100,滚筒,202,个,56727,千克,974979
84209900,砑光机或其他滚压机器...,40098,千克,0,—,1688188
84211210,干衣量≤10公斤的干...,100,台,5167,千克,49774
84211290,干衣量＞10公斤的干...,4,台,508,千克,7783
84211910,脱水机,30,台,79440,千克,2165418
84211920,固液分离机,270,台,596375,千克,33269344
84211990,未列名离心机，包括离...,3852,台,217760,千克,17238856
84212110,家用型水的过滤、净化...,181740,台,243002,千克,5624640
84212191,船舶压载水处理设备,151,台,693047,千克,31357551
84212199,其他非家用型水的过滤...,43582,台,419623,千克,16277373
84212200,过滤或净化饮料用的机...,1358,台,1985,千克,146301
84212300,内燃发动机的过滤器,3112056,个,880446,千克,14959385
84212910,压滤机,26,个,63218,千克,1218666
84212990,未列名液体过滤、净化...,12704515,个,1725485,千克,82704073
84213100,内燃发动机的进气过滤...,484642,个,232820,千克,4237868
84213910,家用型气体的过滤、净...,44563,个,80467,千克,2425464
84213921,工业用静电除尘器,193,个,10591,千克,486630
84213922,工业用袋式除尘器,740,个,20514,千克,478946
84213923,工业用旋风式除尘器,252,个,23113,千克,701059
84213929,其他工业用除尘器,589,个,82478,千克,1773547
84213930,内燃发动机排气过滤及...,26473,个,159832,千克,10479015
84213940,烟气脱硫装置,123,个,208281,千克,11030602
84213950,烟气脱硝装置,18241,个,236260,千克,1952085
84213990,其他非家用型气体的过...,5484808,个,1256876,千克,70821124
84219110,干衣量≤10公斤的干...,1116,千克,0,—,9351
84219190,其他离心机（包括离心...,155373,千克,0,—,8046755
84219910,家用型过滤、净化装置...,674202,千克,0,—,13286300
84219990,品目8421未列名机...,3829843,千克,0,—,124109833
84221100,家用型洗碟机,13754,台,412814,千克,5388403
84221900,非家用型洗碟机,304,台,29804,千克,717918
84222000,瓶子或其他容器的洗涤...,306,台,25809,千克,2762944
84223010,饮料及液体食品罐装设...,43,台,382244,千克,45257556
84223030,其他灌装机、包装机,357,台,212505,千克,20795451
84223090,其他容器装封、贴标签...,591,台,254556,千克,22997892
84224000,其他包装或打包机器（...,1513,台,563710,千克,37647944
84229010,洗碟机零件,87280,千克,0,—,991151
84229020,饮料及液体食品罐装设...,65765,千克,0,—,3160115
84229090,品目8422其他机器...,49646,千克,0,—,12026111
84231000,体重计，包括婴儿秤；...,3813,台,3413,千克,110857
84232010,电子皮带秤,25,台,5033,千克,593215
84232090,其他输送带上连续称货...,52,台,5483,千克,650339
84233010,定量包装秤,40,台,7659,千克,870528
84233020,定量分选秤,213,台,4685,千克,618880
84233030,配料秤,13,台,34778,千克,1809683
84233090,其他恒定秤、物料定量...,113,台,13305,千克,1163902
84238110,计价秤,448,台,455,千克,37771
84238120,弹簧秤,57947,台,36988,千克,143287
84238190,未列名衡器，最大称量...,21830,台,45843,千克,1972198
84238210,地中衡,29,台,2242,千克,74958
84238290,未列名衡器，30kg...,2350,台,20535,千克,1145029
84238910,地中衡,2,台,2080,千克,15348
84238930,吊秤,3,台,27,千克,8020
84238990,未列名最大称量＞50...,422,台,1284,千克,190737
84239000,衡器用的各种砝码、秤...,27348,千克,3984195,台,2896099
84241000,灭火器，不论是否装药,3739,个,371219,千克,5330511
84242000,喷枪及类似器具,194519,个,255274,千克,10556491
84243000,喷汽机、喷砂机及类似...,3280,台,185461,千克,6308545
84244100,便携式农业或园艺用喷...,1825,台,7272,千克,152708
84244900,其他农业或园艺用喷雾...,289,台,4449,千克,87025
84248200,农业或园艺用液体或粉...,957666,台,17342,千克,388265
84248910,家用液体或粉末的喷射...,28851,台,40768,千克,752357
84248920,喷涂机器人,54,台,100362,千克,9540272
84248991,船用洗舱机,361,台,34656,千克,531554
84248999,未列名液体或粉末的喷...,153750,台,948023,千克,53402574
84249010,灭火器的零件,60134,千克,0,—,1749620
84249020,家用液体或粉末喷射、...,34835,千克,0,—,575761
84249090,品目8424其他机器...,361552,千克,0,—,22956998
84251100,电动的滑车及提升机,1743,台,205547,千克,3629013
84251900,非电动的滑车及提升机,1569,台,55489,千克,1267810
84253190,其他电动的卷扬机及绞...,1788,台,818276,千克,8257931
84253990,其他非电动卷扬机及绞...,2045,台,349983,千克,2444551
84254210,其他液压千斤顶,9201,台,382154,千克,5334051
84254290,提升车辆用的液压提升...,66,台,65834,千克,449311
84254910,未列名千斤顶,23610,台,87488,千克,1710276
84254990,其他提升车辆用的提升...,27,台,8954,千克,129349
84261120,通用桥式起重机,8,台,45230,千克,1427026
84261190,其他固定支架的高架移...,8,台,3034,千克,82973
84261200,胶轮移动式吊运架及跨...,3,台,1048,千克,5736
84261930,龙门式起重机,1,台,40520,千克,601316
84261990,未列名桥架类起重机和...,2,台,32208,千克,390670
84262000,塔式起重机,1,台,2700,千克,66488
84263000,门座式起重机及座式旋...,17,台,408300,千克,2824823
84264190,带胶轮的其他自推进起...,1,台,180,千克,11595
84264910,履带式起重机,2,台,83285,千克,245034
84269900,未列名起重机,21,台,74410,千克,1613469
84271010,电动机推进的有轨巷道...,45,台,285233,千克,6798318
84271020,电动机推进的无轨巷道...,6,台,19850,千克,284794
84271090,其他电动叉车及装有升...,1128,台,3055716,千克,10916145
84272010,集装箱叉车,1,台,22400,千克,262209
84272090,其他机动叉车其他装有...,52,台,578916,千克,4211404
84279000,未列名叉车等装有升降...,102,台,62302,千克,3511682
84281010,载客电梯,214,台,470630,千克,5211117
84281090,其他升降机及倒卸式起...,51,台,250570,千克,3867313
84282000,气压升降机及输送机,145,台,52784,千克,2261730
84283100,地下专用的连续运送货...,5,台,28738,千克,939317
84283200,斗式连续运送货物的升...,262,台,136253,千克,6244078
84283300,带式连续运送货物的升...,1450,台,598131,千克,15657584
84283910,链式连续运送货物或材...,196,台,409956,千克,12722635
84283920,辊式连续运送货物或材...,234,台,461832,千克,8421104
84283990,未列名连续运送货物的...,1297,台,658708,千克,18910429
84284000,自动梯及自动人行道,1,台,175,千克,12000
84286090,其他缆车、座式升降机...,3,台,39,千克,3175
84289020,机械式停车设备,1,台,3100,千克,17900
84289031,堆取料机械,79,台,32909,千克,1232994
84289039,其他装卸机械,44,台,128185,千克,2761646
84289040,搬运机器人,1559,台,163043,千克,9884344
84289090,未列名升降、搬运机械,20423,台,2115035,千克,63682503
84291190,其他履带式推土机,4,台,55670,千克,327882
84291910,其他推土机，P＞23...,2,台,96200,千克,1305620
84292090,其他筑路机及平地机,1,台,30347,千克,78000
84294019,其他机动压路机,27,台,59475,千克,482784
84295100,前铲装载机,15,台,146809,千克,1142305
84295211,上部360度旋转的轮...,25,台,280264,千克,1692989
84295212,上部360度旋转的履...,1286,台,23749709,千克,73500492
84295900,其他机械铲、挖掘机及...,3,台,22377,千克,158767
84301000,打桩机及拔桩机,10,台,348612,千克,5850103
84302000,扫雪机及吹雪机,4,台,1935,千克,37608
84303120,自推进的凿岩机,1,台,25856,千克,637245
84303130,自推进的隧道掘进机,2,台,261144,千克,8829486
84303900,非自推进的采（截）煤...,23,台,2901,千克,544081
84304119,未列名自推进的石油及...,1,台,741,千克,216204
84304122,履带式自推进的钻机，...,2,台,31060,千克,874249
84304129,其他自推进的钻机，钻...,1,台,1462299,千克,572362
84304190,自推进的凿井机械,1,台,5701,千克,172500
84304900,非自推进的钻探或凿井...,6,台,31234,千克,704311
84305039,其他采矿钻机,1,台,14221,千克,167143
84305090,未列名自推进泥土、矿...,4,台,99393,千克,1913961
84306100,非自推进的捣固或压实...,14,台,236,千克,32398
84306919,其他非自推进工程钻机,4,台,1011,千克,88261
84306920,非自推进的铲运机,4,台,18495,千克,101874
84311000,品目8425所列机械...,91096,千克,0,—,1930592
84312010,品目84.27所列机...,353659,千克,6435,个,2206773
84312090,品目8427所列机械...,865160,千克,0,—,8501044
84313100,升降机、倒卸式起重机...,562890,千克,0,—,7668545
84313900,其他8428所列机械...,925099,千克,0,—,27493148
84314100,戽斗、铲斗、抓斗及夹...,261585,千克,46,个,1207102
84314200,推土机或侧铲推土机用...,341,千克,4,个,822
84314310,石油或天然气钻机的零...,363257,千克,0,—,15650154
84314320,其他钻探机械的零件,219150,千克,0,—,522151
84314390,凿井机械的零件,1846,千克,0,—,237432
84314920,品目84.26、84...,567470,千克,2947,个,4704762
84314991,矿用电铲用零件,25515,千克,0,—,724206
84314999,品目8426、842...,20487282,千克,0,—,101632731
84321000,犁,73,台,132768,千克,987901
84322900,其他耙、松土机、中耕...,34,台,25196,千克,279119
84323111,免耕直接谷物播种机,2,台,3924,千克,35534
84323119,其他免耕直接播种机,10,台,3463,千克,134571
84323129,其他免耕直接种植机,1,台,230,千克,220
84323131,免耕直接水稻插秧机,15,台,12610,千克,49959
84323139,其他免耕直接移植机（...,1,台,145,千克,154
84323911,其他谷物播种机,4,台,6870,千克,152862
84323919,未列名播种机,10,台,14956,千克,255222
84323921,其他马铃薯种植机,1,台,50,千克,531
84323931,其他水稻插秧机,1,台,950,千克,63841
84323939,未列名移植机（栽植机...,3,台,1510,千克,31442
84324200,化肥施肥机,337,台,8283,千克,1013144
84328010,草坪及运动场地滚压机,1,台,308,千克,11189
84328090,未列名农业、园艺及林...,19,台,29883,千克,547250
84329000,品目8432所列机械...,268335,千克,0,—,2871606
84331100,割刀水平旋转草坪、公...,646,台,138847,千克,1115049
84331900,其他草坪、公园或运动...,22,台,238,千克,1482
84332000,其他割草机，包括牵引...,81,台,80314,千克,765002
84333000,其他干草切割、翻晒机...,27,台,68153,千克,873463
84334000,草料打包机，包括收集...,85,台,400943,千克,3656949
84335100,联合收割机,53,台,383032,千克,1744757
84335200,其他脱粒机,154,台,28374,千克,149365
84335300,根茎或块茎收获机,3,台,16885,千克,301256
84335920,棉花采摘机,56,台,1608314,千克,32535125
84335990,未列名收割机,46,台,419284,千克,3675807
84336010,蛋类清洁、分选、分级...,11,台,57881,千克,2667340
84336090,水果或其他农产品的清...,20,台,187693,千克,1965637
84339010,联合收割机的零件,90836,千克,0,—,860962
84339090,其他品目8433所列...,296333,千克,0,—,5600856
84341000,挤奶机,4,台,1762,千克,58387
84342000,乳品加工机器,59,台,54766,千克,3078809
84349000,挤奶机及乳品加工机器...,56931,千克,0,—,942626
84351000,制酒、果汁等饮料的压...,192,台,9295,千克,183685
84359000,84351000所列...,891,千克,0,—,10484
84361000,动物饲料配制机,55,台,149215,千克,1079643
84362100,家禽孵卵器及育雏器,292,台,211231,千克,958290
84362900,家禽饲养机器,1380,台,574466,千克,2679983
84368000,其他农、林业机器,2941,台,121502,千克,2391194
84369100,家禽饲养、孵卵及育雏...,24573,千克,0,—,263558
84369900,品目8436所列其他...,46835,千克,0,—,500696
84371090,其他种子、谷物或干豆...,26,台,4919,千克,273227
84378000,谷物磨粉业加工机器或...,78,台,8967,千克,164827
84379000,品目8437所列机械...,7257,千克,0,—,255673
84381000,糕点加工及生产通心粉...,277,台,199326,千克,8111866
84382000,生产糖果、可可粉、巧...,10,台,1929,千克,277910
84384000,酿酒机器,1,台,10300,千克,52930
84385000,肉类或家禽加工机器,322,台,236318,千克,11800205
84386000,水果、坚果或蔬菜加工...,498,台,92883,千克,2382046
84388000,其他食品、饮料工业用...,2258,台,95184,千克,5824788
84389000,品目8438所列机械...,33166,千克,0,—,1514141
84391000,制造纤维素纸浆的机器,5,台,6529,千克,297409
84392000,纸或纸板的制造机器,3,台,7583,千克,193249
84393000,纸或纸板的整理机器,10,台,4410,千克,202391
84399100,制造纤维素纸浆机器的...,164742,千克,0,—,3299974
84399900,制造或整理纸及纸板机...,357044,千克,0,—,19090818
84401010,锁线装订机,14,台,43851,千克,172338
84401020,胶订机,3,台,76940,千克,4440045
84401090,其他书本装订机器,450,台,580309,千克,2707071
84409000,书本装订机器的零件,2934,千克,0,—,361316
84411000,切纸机,330,台,409160,千克,7305273
84412000,制造包、袋或信封的机...,5,台,18950,千克,36787
84413010,纸塑铝复合罐生产设备,1,台,4800,千克,90251
84413090,其他制造箱、盒、管、...,4,台,29378,千克,1876454
84414000,纸浆、纸或纸板制品模...,9,台,80368,千克,1866000
84418090,其他制造纸浆制品、纸...,55,台,304770,千克,4490341
84419010,切纸机零件,35465,千克,0,—,1922450
84419090,其他制造（纸浆、纸或...,35319,千克,0,—,1862886
84423021,计算机直接制版设备,13,台,18691,千克,517072
84423029,其他制版机器、器具及...,5,台,29519,千克,68292
84423090,品目8442其他的机...,3,台,45230,千克,2730888
84424000,子目8442.30所...,2816,千克,0,—,184517
84425000,印刷用版（片）、滚筒...,92553,千克,0,—,2088510
84431100,卷取进料式胶印机,58,台,662592,千克,1962550
84431311,平张纸进料式单色胶印...,16,台,45210,千克,76753
84431312,平张纸进料式双色胶印...,5,台,72800,千克,485352
84431313,平张纸进料式四色胶印...,19,台,632255,千克,5273013
84431319,其他平张纸进料式胶印...,54,台,3143491,千克,38569126
84431390,未列名胶印机,2,台,52910,千克,814495
84431400,卷取进料式凸版印刷机...,7,台,175,千克,40645
84431600,苯胺印刷机,1,台,16440,千克,403083
84431922,平网印刷机,38,台,110786,千克,4682911
84431980,未列名印刷机,5,台,41119,千克,2389865
84433110,有打复印及传真两种及...,465273,台,11277789,千克,80104253
84433190,其他具有打复印及传真...,448480,台,2382985,千克,32054604
84433211,专用于品目8471所...,76770,台,394200,千克,9555395
84433212,专用于品目8471所...,188482,台,1425688,千克,17938288
84433213,专用于品目8471所...,38517,台,207633,千克,3350901
84433214,专用于品目84.71...,21154,台,72661,千克,4072999
84433219,其他专用于品目847...,10797,台,106091,千克,5541929
84433221,数字式喷墨印刷机，可...,9895,台,306877,千克,11664007
84433222,数字式静电照相印刷机...,421,台,109529,千克,5125523
84433229,其他数字式印刷设备，...,309,台,35447,千克,1272632
84433290,其他单一功能印刷、复...,60059,台,391792,千克,6873292
84433923,热敏复印设备,40,台,30,千克,13297
84433931,数字式喷墨印刷机,16,台,576,千克,100853
84433932,数字式静电照相印刷机...,1,台,390,千克,15338
84433939,其他数字式印刷设备,1277,台,813,千克,55923
84433990,其他印刷（打印）机、...,6577,台,10375,千克,485802
84439111,卷筒料给料机,4795,千克,3,台,332098
84439119,其他印刷用辅助机器,18142,千克,6,台,676914
84439190,用8442所列印版等...,154358,千克,307433,个,5104780
84439910,数字印刷设备用辅助机...,11831,千克,129,台,616239
84439921,数字印刷设备用热敏打...,11561,千克,438721,个,5657569
84439929,数字印刷设备的其他零...,148555,千克,0,—,30829890
84439990,品目8443所列设备...,7885945,千克,0,—,248451777
84440010,合成纤维长丝纺丝机,9,台,482184,千克,14973098
84440020,合成纤维短丝纺丝机,1,台,1700,千克,140009
84440030,人造纤维纺丝机,1,台,48250,千克,200000
84440040,化学纤维变形机,25,台,815504,千克,9451858
84440050,化学纤维切断机,3,台,2633,千克,92573
84440090,其他纺织化纤挤压、拉...,336,台,3543151,千克,93199214
84451120,毛纤维型梳理机,9,台,18375,千克,224319
84451190,其他梳理机,2,台,72610,千克,914451
84451322,毛纺粗纱机,2,台,25650,千克,192251
84451900,纺织纤维的其他预处理...,24,台,136674,千克,3462594
84452032,喷气纺纱机,44,台,507336,千克,17703742
84452042,毛细纱机,4,台,68500,千克,430863
84453000,并线机或加捻机,6,台,27464,千克,888668
84454010,自动络筒机,62,台,493627,千克,8524931
84454090,其他络纱机或摇纱机,4,台,23527,千克,269791
84459090,未列名纺织纱线的其他...,19,台,15645,千克,2230123
84461000,织物宽度≤30cm的...,20,台,8532,千克,20268
84463020,织物宽度＞30cm的...,49,台,332584,千克,3918809
84463030,织物宽度＞30cm的...,4,台,20740,千克,179476
84463040,织物宽度＞30cm的...,124,台,268780,千克,3063372
84463050,织物宽度＞30cm的...,192,台,585705,千克,7829234
84471100,圆筒直径≤165mm...,8,台,1886,千克,109710
84471200,圆筒直径＞165mm...,5,台,11400,千克,80923
84472011,特里科经编机,16,台,107200,千克,2426703
84472020,平型纬编机,51,台,46082,千克,2408184
84479011,簇绒地毯织机,2,台,27450,千克,403781
84479020,绣花机,16,台,2918,千克,356458
84479090,未列名织造花线、网眼...,7,台,16858,千克,397853
84481100,多臂机或提花机及其卡...,7676,千克,0,—,171192
84481900,品目8444、844...,33831,千克,0,—,654632
84482020,喷丝头或喷丝板,19073,个,21175,千克,3588517
84482090,品目8444机器及其...,36540,千克,0,—,5800774
84483100,钢丝针布,105708,千克,0,—,2502984
84483200,纺织纤维预处理机器的...,47432,千克,0,—,2551783
84483310,络筒绽,1003,个,1566,千克,298745
84483390,其他锭子、锭壳、纺丝...,23910,千克,0,—,1192647
84483910,气流杯,4921,个,122,千克,29533
84483920,电子清纱器,310,个,364,千克,195171
84483930,空气捻接器,1363,个,2275,千克,150846
84483990,品目8445的机器及...,421460,千克,0,—,10681595
84484200,织机用筘、综丝及综框,27538,千克,0,—,1420936
84484920,引纬、送经装置,178,个,799,千克,124270
84484930,梭子,617,个,245,千克,36273
84484990,织机及其辅助机器的未...,111972,千克,0,—,4034817
84485120,针织机用28号针以下...,16107,千克,0,—,7476642
84485190,沉降片、未列名织针及...,17614,千克,0,—,5489628
84485900,品目8447机器及其...,64281,千克,0,—,3115287
84490010,针刺机,2505822,台,4375,千克,263772
84490020,水刺设备,290,台,50992,千克,2103765
84490090,其他毡呢或无纺织物制...,250707,千克,0,—,7641674
84501110,波轮式全自动洗衣机，...,5,台,184,千克,3733
84501120,滚筒式全自动洗衣机，...,7821,台,499894,千克,4704167
84501190,其他全自动洗衣机，干...,2,台,12,千克,696
84501200,其他有离心甩干机的洗...,2,台,80,千克,1300
84502011,干衣量超过10千克的...,53,台,2931,千克,40974
84502012,干衣量超过10千克的...,241,台,45362,千克,569989
84502019,其他干衣量超过10千...,2,台,1840,千克,27597
84502090,干衣量超过10千克的...,3,台,405,千克,11264
84509010,干衣量≤10kg的洗...,187401,千克,0,—,2039653
84509090,干衣量＞10kg的洗...,42588,千克,0,—,822171
84511000,干洗机,11,台,14635,千克,252907
84512100,干衣量≤10kg的干...,21836,台,1122388,千克,11178527
84512900,干衣量＞10kg的干...,119,台,146228,千克,3301743
84513000,熨烫机及挤压机（包括...,92,台,65702,千克,1303377
84514000,洗涤、漂白或染色机器,60,台,378029,千克,6208880
84515000,纺织物卷绕、退绕、折...,256,台,266284,千克,7137299
84518000,纱、织物等整、涂机器...,497,台,668713,千克,8055468
84519000,品目8451所列机器...,74459,千克,0,—,1864135
84521010,多功能家用型缝纫机,10469,台,66951,千克,910681
84521091,手动式其他家用型缝纫...,24,台,0,千克,19
84521099,其他家用型缝纫机,246,台,4260,千克,16749
84522110,非家用型自动平缝机,7,台,1495,千克,105167
84522120,非家用型自动包缝机,9,台,585,千克,43610
84522130,非家用型自动绷缝机,1,台,325,千克,341
84522190,其他非家用型自动缝纫...,1918,台,111547,千克,3944385
84522900,其他非家用型缝纫机,875,台,27551,千克,299424
84523000,缝纫机针,12805,千克,0,—,759043
84529011,家用型缝纫机旋梭,467,千克,0,—,82335
84529019,家用缝纫机专用的特制...,46756,千克,0,—,722846
84529091,非家用型缝纫机的旋梭,1523,千克,0,—,517622
84529092,非家用型缝纫机专用的...,14,千克,0,—,2677
84529099,其他非家用型缝纫机未...,54315,千克,0,—,1343006
84531000,生皮、皮革的处理、鞣...,38,台,71618,千克,681003
84532000,鞋靴制作或修理机器,25,台,14765,千克,486201
84538000,毛皮及其他皮革制品的...,3,台,1397,千克,37062
84539000,品目8453所列机器...,6452,千克,0,—,302815
84542010,炉外精炼设备,2,台,5488,千克,614200
84542090,其他锭模及浇包,10,台,24093,千克,889156
84543010,冷室压铸机,10,台,268428,千克,3582621
84543090,其他铸造机,6,台,114438,千克,3677820
84549010,炉外精炼设备的零件,13,千克,0,—,11090
84549021,钢坯连铸机用结晶器,100660,千克,0,—,2645638
84549022,钢坯连铸机用振动装置,17720,千克,0,—,190503
84549029,其他钢坯连铸机用零件,171664,千克,0,—,4612098
84549090,其他转炉、浇包、锭模...,75580,千克,0,—,2272777
84552130,线材轧机,5,台,270088,千克,9547200
84552210,板材冷轧机,2,台,89800,千克,2716656
84552290,其他金属冷轧机,1,台,273949,千克,6863200
84553000,金属轧机用轧辊,988,个,3296101,千克,9701657
84559000,其他金属轧机零件,247419,千克,0,—,5967766
84561100,用激光处理各种材料的...,588,台,971985,千克,79917437
84562000,用超声波处理材料的加...,19,台,1874,千克,356516
84563010,数控的用放电处理各种...,199,台,705136,千克,27280077
84563090,其他用放电处理各种材...,2,台,2255,千克,36444
84564010,等离子切割机,190,台,43863,千克,2423539
84564090,其他用等离子弧处理各...,1,台,28,千克,8927
84569000,用电化学法、电子束或...,9,台,20618,千克,1300780
84571010,立式加工中心,859,台,4580970,千克,77509469
84571020,卧式加工中心,121,台,3101563,千克,44280731
84571030,龙门式加工中心,66,台,3222304,千克,39273175
84571091,铣车复合加工中心,17,台,344781,千克,12547223
84571099,未列名加工中心,3,台,30687,千克,403302
84572000,单工位组合机床,1,台,3715,千克,308509
84573000,多工位组合机床,25,台,135746,千克,13685826
84581100,数控卧式车床,267,台,1445139,千克,33198124
84581900,其他卧式车床,108,台,78938,千克,695707
84589110,数控立式车床,48,台,1014986,千克,14062475
84589120,其他数控车床,1,台,27357,千克,625934
84589900,其他车床,6,台,16980,千克,527274
84591000,直线移动式动力头机床,12,台,2977,千克,190422
84592100,数控钻床,26,台,316183,千克,3098507
84592900,其他钻床,113,台,2779,千克,127025
84593100,数控镗铣床,5,台,174550,千克,915778
84594100,数控镗床,3,台,76938,千克,145606
84594900,其他镗床,1,台,1240,千克,378803
84595100,升降台式数控铣床,1,台,12000,千克,135678
84595900,其他升降台式铣床,14,台,26680,千克,170317
84596110,龙门数控铣床,11,台,317991,千克,1862154
84596190,未列名数控铣床,22,台,214322,千克,3585468
84596990,未列名铣床,11,台,7907,千克,462540
84597000,其他攻丝机床,11,台,6620,千克,290128
84601210,数控平面磨床，在任一...,44,台,647844,千克,17655007
84601290,其他数控平面磨床,2,台,1840,千克,16657
84601910,其他平面磨床，在任一...,69,台,96260,千克,990847
84601990,未列名平面磨床,1,台,1250,千克,12650
84602210,数控无心磨床，在任一...,8,台,77123,千克,4865201
84602290,其他数控无心磨床,1,台,3000,千克,49600
84602311,数控曲轴磨床，在任一...,1,台,13671,千克,687164
84602319,其他数控外圆磨床，在...,35,台,236618,千克,12358623
84602390,其他数控外圆磨床,12,台,83280,千克,4986729
84602411,数控内圆磨床，在任一...,14,台,90097,千克,6279999
84602419,其他数控磨床，在任一...,31,台,422728,千克,16386934
84602490,其他数控磨床,1,台,4700,千克,75810
84602911,其他外圆磨床，在任一...,12,台,18964,千克,173298
84602919,未列名磨床，在任一坐...,2,台,3205,千克,37087
84602990,本品目其他编码未列名...,27,台,61125,千克,733797
84603100,数控刃磨机床,74,台,275341,千克,15602724
84603900,其他刃磨机床,33,台,4155,千克,138426
84604010,金属珩磨机床,4,台,30360,千克,2205284
84604020,金属研磨机床,83,台,151565,千克,7136320
84609010,砂轮机,1677,台,10459,千克,726855
84609020,抛光机床,29,台,49761,千克,2557161
84609090,未列名用磨石、磨料等...,18,台,14741,千克,401712
84612020,插床,1,台,1650,千克,38759
84613000,拉床,6,台,69998,千克,2443715
84614011,数控齿轮磨床,23,台,429026,千克,21243462
84614019,数控切齿机或数控齿轮...,18,台,255916,千克,9384366
84614090,其他切齿机、齿轮磨床...,8,台,9865,千克,59533
84615000,锯床或切断机,252,台,126630,千克,3165200
84619090,未列名的金属切削机床,74,台,40303,千克,2113924
84621010,数控锻造或冲压机床及...,25,台,1737057,千克,31573615
84621090,其他锻造或冲压机床及...,99,台,774976,千克,5868563
84622110,数控矫直机床,9,台,204895,千克,6704270
84622190,数控弯曲、折叠或矫平...,50,台,535704,千克,11062575
84622910,其他矫直机床,7,台,95169,千克,1811536
84622990,其他弯曲、折叠或矫平...,36,台,124567,千克,2675606
84623110,数控板带纵剪机床,3,台,260960,千克,2701681
84623120,数控板带横剪机床,1,台,26680,千克,891989
84623190,其他数控剪切机床,18,台,16539,千克,695039
84623920,其他板带横剪机床,3,台,180,千克,2874
84623990,未列名剪切机床,9,台,2476,千克,48757
84624111,自动模式数控步冲压力...,16,台,269615,千克,4373860
84624119,其他数控冲床,9,台,259019,千克,7503724
84624190,其他数控冲孔或开槽机...,7,台,8407,千克,441253
84624900,其他冲孔或开槽机床,35,台,267158,千克,5165970
84629110,金属型材液压挤压机,3,台,91826,千克,3949576
84629190,未列名液压压力机,35,台,197347,千克,6265136
84629910,机械压力机,53,台,114701,千克,1919680
84629990,未列名加工金属或硬质...,285,台,53508,千克,4145088
84631011,拉拔力≤300吨的冷...,1,台,3,千克,3000
84631020,拔丝机,9,台,71121,千克,2239296
84632000,金属螺纹滚轧机,12,台,29724,千克,565560
84633000,金属丝加工机,35,台,16536,千克,1565696
84639000,未列名的金属非切削加...,139,台,195976,千克,12382105
84641010,石料等矿物材料及玻璃...,76,台,1318,千克,55065
84641090,其他石料等矿物材料及...,2,台,1338,千克,43675
84642010,玻璃冷加工研磨或抛光...,321,台,836400,千克,24179606
84642090,石料等矿物材料的研磨...,44,台,165673,千克,5289017
84649011,玻璃切割机,50,台,165195,千克,3796784
84649012,玻璃刻花机,2,台,419,千克,2934
84649019,其他玻璃冷加工机床,19,台,79190,千克,3281860
84649090,石料等矿物材料加工的...,129,台,149321,千克,7499706
84651000,不需更换工具即可进行...,8,台,39468,千克,1128211
84652000,加工中心，加工木材、...,8,台,57109,千克,1766013
84659100,木材、软木、骨、硬橡...,1269,台,277551,千克,3934546
84659200,木材、软木等硬质材料...,400,台,297549,千克,5690439
84659300,木材、软木等硬质材料...,165,台,66166,千克,1239772
84659400,木材、软木、骨等硬质...,56,台,54231,千克,3159624
84659500,木材、软木、骨等硬质...,62,台,197481,千克,4183274
84659600,木材、软木等硬质材料...,39,台,32222,千克,1048764
84659900,木材、软木、骨等硬质...,96,台,294340,千克,8978282
84661000,工具夹具及自启板牙切...,254679,千克,0,—,22773598
84662000,工件夹具,382464,千克,0,—,18644484
84663000,分度头及其他专用于机...,289063,千克,0,—,11800183
84669100,品目84.64所列机...,7957,千克,0,—,777516
84669200,品目84.65所列机...,68394,千克,0,—,2119442
84669310,刀库及自动换刀装置,760759,千克,0,—,9006221
84669390,品目84.56至84...,2186918,千克,0,—,51956290
84669400,品目8462或846...,972199,千克,0,—,14830474
84671100,旋转式（包括旋转冲击...,43090,台,57929,千克,2752397
84671900,其他手提式风动工具,60669,台,43316,千克,2368761
84672100,手提式各种电钻,42666,台,110617,千克,2257059
84672210,电动手提式链锯,261,台,2430,千克,133479
84672290,其他手提式电锯,1893,台,8788,千克,202859
84672910,手提电动砂磨工具（包...,8165,台,21752,千克,699055
84672920,手提式电刨,24,台,142,千克,2906
84672990,其他手提式电动工具,95604,台,181470,千克,9748031
84678100,装有非电力动力装置的...,7440,台,51222,千克,1292602
84678900,其他液压及非电力动力...,7601,台,106259,千克,4935979
84679110,电动手提式链锯用的零...,4067,千克,0,—,94227
84679190,其他手提式链锯用的零...,57721,千克,0,—,1354970
84679200,手提式风动工具用的零...,23907,千克,0,—,1217613
84679910,品目8467所列其他...,458248,千克,0,—,19737269
84679990,品目8467所列其他...,185321,千克,0,—,2841648
84681000,手提喷焊器,595,台,553,千克,24280
84682000,其他气体焊接或表面回...,32,台,12932,千克,1049232
84688000,未列名焊接机器及装置,149,台,74316,千克,2763408
84689000,品目8468所列机器...,34425,千克,0,—,2035501
84701000,不需外接电源的电子计...,397638,台,60947,千克,1776701
84702100,装有打印装置的电子计...,52,台,35,千克,1594
84702900,其他电子计算器,40,台,4,千克,118
84705010,销售点终端出纳机,7409,台,30758,千克,3682202
84705090,其他现金出纳机,1068,台,839,千克,285254
84709000,装有计算装置的邮资盖...,7,台,64,千克,8760
84713010,平板电脑,76413,台,46436,千克,8006832
84713090,其他重量不超过10千...,14274,台,25662,千克,8817722
84714110,巨型、大型及中型自动...,2,台,38,千克,6000
84714120,小型自动数据处理机,121,台,882,千克,1374592
84714140,微型自动数据处理机,5966,台,37455,千克,5596016
84714190,未列名自动数据处理设...,1366,台,8291,千克,1940491
84714910,系统形式的巨型机、大...,3,台,1316,千克,1707826
84714920,系统形式的小型机,61,台,3252,千克,2201286
84714940,系统形式的微型机,8935,台,74333,千克,20081458
84714991,系统形式的分散型工业...,231,台,27661,千克,4240732
84714999,其他系统形式的自动数...,145,台,23402,千克,14335265
84715010,巨型机、大型机及中型...,54,台,359,千克,107806
84715020,小型机的处理部件,1986,台,31254,千克,13206999
84715040,微型机的处理部件,563668,台,304251,千克,116160922
84715090,其他处理部件,94696,台,93817,千克,27370662
84716040,巨型机、大型机、中型...,223,台,406,千克,322320
84716050,扫描仪,45642,台,212522,千克,12634533
84716060,数字化仪,353,台,1327,千克,437248
84716071,键盘,230286,个,116132,千克,6446442
84716072,鼠标器,1948882,个,169179,千克,12318043
84716090,其他输入或输出部件,6928778,台,202132,千克,62931935
84717010,硬盘驱动器,27742009,台,5234248,千克,2261352716
84717020,软盘驱动器,43,台,17,千克,21399
84717030,光盘驱动器,538356,台,130653,千克,6351408
84717090,其他存储部件,458630,台,142942,千克,39446429
84718000,自动数据处理设备的其...,1309860,台,356914,千克,276907472
84719000,其他磁性或光学阅读机...,412253,台,76349,千克,26443466
84729021,打洞机,12679,台,7650,千克,97902
84729022,订书机,98876,台,33919,千克,434704
84729029,其他装订用机器,3308,台,369,千克,12483
84729030,碎纸机,62,台,2439,千克,60213
84729040,地址印写机及地址铭牌...,2,台,38,千克,6628
84729050,文字处理机,4,台,44,千克,11240
84729060,打字机，但品目84....,62,台,1455,千克,39873
84729090,未列名办公室用机器,5704,台,17922,千克,939634
84732100,电子计算器的零件、附...,3251,千克,0,—,506447
84732900,品目8470所列其他...,42280,千克,0,—,4079513
84733010,大、中、小型计算机及...,1498515,千克,0,—,249552159
84733090,品目8471所列其他...,5359452,千克,0,—,1486427285
84734010,自动柜员机用出钞器和...,258068,千克,0,—,8803182
84734020,编码8472.905...,2806,千克,0,—,342221
84734090,品目8472所列机器...,157058,千克,0,—,7985908
84735000,同样适用于品目84....,21932,千克,0,—,3666989
84741000,固体矿物质的分类、筛...,148,台,448925,千克,10693529
84742010,齿辊式固体矿物质的破...,15,台,136680,千克,2500876
84742020,球磨式固体矿物质的破...,8,台,11983,千克,1731355
84742090,其他固体矿物质的破碎...,50,台,679439,千克,6776946
84743100,混凝土或砂浆混合机器,23,台,11591,千克,185534
84743900,固体矿物质的其他混合...,164,台,134222,千克,3635736
84748010,固体矿物质辊压成型机,2,台,110238,千克,3263102
84748020,固体矿物质模压成型机,16,台,92495,千克,2205439
84748090,其他固体矿物质粘聚或...,68,台,324564,千克,7833111
84749000,品目8474所列机器...,737160,千克,0,—,8949724
84751000,灯泡、灯管、电子管及...,57,台,96,千克,584
84752100,制造光导纤维及其预制...,2,台,1135,千克,436988
84752912,玻璃纤维拉丝机（光纤...,20,台,44580,千克,2165268
84752919,其他玻璃热加工机器,102,台,253899,千克,15357161
84752990,未列名玻璃或玻璃制品...,11,台,121,千克,49811
84759000,品目8475所列机器...,16654,千克,0,—,828305
84762100,装有加热或制冷装置的...,218,台,75948,千克,2746570
84768100,装有加热或制冷装置的...,1,台,368,千克,142
84768900,无加热或制冷装置的其...,47,台,795,千克,6598
84769000,自动售货机及钱币兑换...,11686,千克,0,—,651468
84771010,注塑机,539,台,2945985,千克,47938199
84771090,其他注射机,7,台,79112,千克,1089116
84772010,塑料造粒机,23,台,617078,千克,25255126
84772090,其他挤出机,44,台,574417,千克,29120415
84773010,挤出吹塑机,5,台,92110,千克,3893102
84773020,注射吹塑机,3,台,47115,千克,1006996
84773090,其他吹塑机,9,台,125797,千克,4601903
84774010,塑料中空成型机,1,台,62,千克,3242
84774020,塑料压延成型机,4,台,68636,千克,1918394
84774090,其他真空模塑机及其他...,26,台,731410,千克,12417829
84775100,充气轮胎模塑或翻新及...,1,台,87,千克,13317
84775910,三维打印机（3D打印...,521,台,30119,千克,5360164
84775990,未列名模塑或成型机器,18,台,150055,千克,2187394
84778000,其他橡胶或塑料及其产...,728,台,1458542,千克,42157325
84779000,品目8477所列机器...,518668,千克,0,—,22793160
84781000,烟草加工及制作机器,2,台,26613,千克,1693594
84789000,烟草加工及制作机器的...,1081,千克,0,—,1052703
84791021,沥青混凝土摊铺机,12,台,182774,千克,1634343
84791090,其他公共工程用机器,99,台,18691,千克,621407
84792000,提取、加工动物油脂或...,10,台,73,千克,697
84794000,绳或缆的制造机器,28,台,139642,千克,3705862
84795010,多功能工业机器人,7431,台,2509133,千克,87927177
84795090,未列名工业机器人,135,台,165157,千克,3893662
84796000,蒸发式空气冷却器,70,台,5533,千克,323908
84797900,其他旅客登机（船）桥,1,台,47,千克,2609
84798110,线圈绕线机,209,台,177021,千克,11033854
84798190,未列名处理金属的机械,886,台,614895,千克,32971482
84798200,搅混、轧碎、研磨、筛...,5488,台,2329215,千克,85256070
84798910,船舶用舵机及陀螺稳定...,442,台,283132,千克,2365945
84798920,空气增湿器及减湿器,3695,台,29307,千克,1827990
84798940,邮政用包裹、印刷品分...,10,台,3227,千克,147804
84798961,自动插件机,8,台,11054,千克,922567
84798962,自动贴片机,1757,台,3266396,千克,237317252
84798969,其他在印刷电路电路板...,19,台,10288,千克,1639392
84798992,自动化立体仓储设备,32,台,314685,千克,7106387
84798999,未列名具有独立功能的...,4550839,台,9754377,千克,521660570
84799010,船舶用舵机及陀螺稳定...,76665,千克,0,—,918682
84799020,空气增湿器及减湿器用...,50585,千克,0,—,2760423
84799090,品目8479所列其他...,2422575,千克,0,—,111314080
84801000,金属铸造用型箱,343,千克,0,—,1506
84802000,型模底板,243547,千克,0,—,506398
84803000,阳模,47813,千克,0,—,994047
84804110,金属、硬质合金用压铸...,149172,千克,0,—,4144829
84804120,粉末冶金用压模,1328,千克,0,—,400155
84804190,其他金属、硬质合金用...,23945,千克,0,—,1328107
84804900,金属、硬质合金用其他...,15835,千克,0,—,1005740
84805000,玻璃用型模,6706,套,17212,千克,1001229
84806000,矿物材料用型模,1834,套,148449,千克,4998189
84807110,硫化轮胎用囊式型模,59779,套,56194,千克,1739520
84807190,其他塑料或橡胶用注模...,147808,套,1093338,千克,58483573
84807900,塑料或橡胶用其他型模,967035,套,109030,千克,7677828
84811000,减压阀,4379800,套,568946,千克,35186046
84812010,油压传动阀,12145347,套,4221667,千克,116734356
84812020,气压传动阀,2692269,套,675391,千克,56241933
84813000,止回阀,31300476,套,735323,千克,36069667
84814000,安全阀或溢流阀,3978389,套,608140,千克,34608539
84818021,电磁式换向阀,3740205,套,971887,千克,71605511
84818029,其他换向阀,2338821,套,310673,千克,12149284
84818031,电子膨胀阀,612238,套,67355,千克,5133445
84818039,其他流量阀,4951876,套,1792764,千克,94653347
84818040,其他阀门,21345491,套,4044050,千克,182788259
84818090,龙头、旋塞及类似装置,4758672,套,814581,千克,33886131
84819010,阀门零件,3430935,千克,0,—,93916196
84819090,龙头、旋塞及类似装置...,378843,千克,0,—,12227152
84821010,调心球滚珠轴承,416888,套,64075,千克,2270642
84821020,深沟球滚珠轴承,132485846,套,2955063,千克,68086190
84821030,角接触滚珠轴承,2748782,套,1027669,千克,24703057
84821040,推力球滚珠轴承,731986,套,274642,千克,4871403
84821090,其他滚珠轴承,17501732,套,1163405,千克,30422711
84822000,锥形滚子轴承，包括锥...,2669533,套,3707248,千克,62045456
84823000,鼓形滚子轴承,375992,套,2125400,千克,28401253
84824000,滚针轴承,12568196,套,226663,千克,8715226
84825000,其他圆柱形滚子轴承,8260822,套,3274310,千克,65293984
84828000,其他滚动轴承，包括球...,13188530,套,112187,千克,7084838
84829100,滚珠、滚针及滚柱,1356848,千克,0,—,14804015
84829900,滚动轴承的其他零件,4579305,千克,0,—,46653186
84831011,船舶用柴油机曲轴,72,个,835906,千克,2207369
84831019,其他船舶用传动轴,4590,个,360032,千克,2006641
84831090,其他传动轴及曲柄,22008403,个,3387447,千克,65899231
84832000,装有滚珠或滚子轴承的...,312075,个,348796,千克,5987786
84833000,未装有滚珠或滚子轴承...,138714458,个,1024717,千克,35582900
84834010,滚子螺杆传动装置,147527,个,170095,千克,9849328
84834020,行星齿轮减速器,37673,个,1646302,千克,22826931
84834090,齿轮及其他变速、传动...,14684629,个,6086632,千克,125028251
84835000,飞轮及滑轮，包括滑轮...,8756982,个,883720,千克,11238022
84836000,离合器及联轴器（包括...,1066535,个,708020,千克,20691262
84839000,单独报验的带齿的轮等...,8629273,千克,0,—,157396368
84841000,密封垫等，金属片与其...,473233,千克,0,—,26461940
84842000,机械密封件,232855,千克,0,—,14705795
84849000,已包装成套或不同材料...,45328,千克,0,—,7614634
84861010,利用温度变化处理单晶...,11,台,28337,千克,12980086
84861020,制造单晶柱或晶圆用的...,24,台,89235,千克,13675135
84861030,制造单晶柱或晶圆用的...,115,台,412269,千克,21978177
84861040,制造单晶柱或晶圆用的...,11,台,223600,千克,40003926
84861090,其他制造单晶柱或晶圆...,89,台,25750,千克,5209601
84862010,制半导体器件或IC的...,140,台,477015,千克,115464630
84862021,制造半导体器件或IC...,97,台,401206,千克,170490909
84862022,制造半导体器件或IC...,48,台,260381,千克,36937759
84862029,其他制半导体件或集成...,9,台,27924,千克,16760617
84862031,制半导体器件或集成电...,33,台,266455,千克,350726707
84862039,其他投影绘制电路图的...,91,台,224331,千克,69244411
84862041,制造半导体器件或IC...,98,台,419615,千克,209191073
84862049,制造半导体器件或IC...,58,台,184666,千克,46272932
84862050,制造半导体器件或集成...,36,台,571887,千克,67925793
84862090,其他制半导体器件或集...,384,台,790191,千克,172397553
84863010,制造平板显示器的扩散...,24,台,1169191,千克,70486439
84863021,制造平板显示器用的化...,6,台,444686,千克,51774950
84863022,制造平板显示器用的物...,94,台,1730484,千克,83057190
84863031,制造平板显示器用的分...,5,台,495603,千克,31414513
84863039,其他投影绘制电路图的...,307,台,2692,千克,1682093
84863041,制造平板显示器用的超...,12,台,10937,千克,401046
84863049,制平板显示器用的其他...,90,台,877841,千克,32082255
84863090,其他制造平板显示器用...,144,台,2737302,千克,143125129
84864010,制作和修复掩膜版（m...,7,台,40437,千克,22567353
84864021,装配与封装半导体器件...,27,台,56462,千克,1932919
84864022,装配与封装半导体件或...,1172,台,758759,千克,52148641
84864029,章注释9（3）规定的...,1274,台,643649,千克,68359230
84864031,集成电路工厂专用的自...,182,台,125889,千克,16463832
84864039,其他升降、装卸、搬运...,905,台,2419495,千克,109736890
84869010,本章注释9（3）规定...,44128,千克,0,—,3810955
84869020,引线键合装置用零件及...,11034,千克,0,—,3605198
84869091,带背板的溅射靶材组件,176239,千克,0,—,27380036
84869099,品目8486所列设备...,2212918,千克,0,—,564674195
84871000,船用推进器及桨叶,545254,千克,0,—,10069749
84879000,未列名的机器零件，不...,977912,千克,0,—,38416975
85011010,玩具电动机，输出功率...,2294850,台,45716,千克,1027170
85011091,微电机，输出功率≤3...,25377443,台,1186734,千克,40045874
85011099,其他电动机，输出功率...,37643146,台,2636737,千克,82864009
85012000,交直流两用电动机，输...,24128,台,20128,千克,449250
85013100,直流电动机及直流发电...,3156051,台,2175722,千克,72644050
85013200,直流电动机及直流发电...,10330,台,140559,千克,4318198
85013300,直流电动机及直流发电...,262,台,53943,千克,1826706
85013400,直流电动机及直流发电...,7,台,61092,千克,1003372
85014000,其他单相交流电动机,922823,台,409384,千克,6376351
85015100,多相交流电动机，输出...,131420,台,562057,千克,20562159
85015200,多相交流电动机，75...,61035,台,2230005,千克,46637710
85015300,多相交流电动机，输出...,1586,台,1126768,千克,24284350
85016100,交流发电机，输出功率...,3415,台,148162,千克,2249451
85016200,交流发电机，75kV...,165,台,83538,千克,822346
85016300,交流发电机，375k...,2,台,2724,千克,24172
85016410,交流发电机，750k...,25,台,200038,千克,2435896
85021100,压燃式内燃机发电机组...,169,台,57778,千克,1233979
85021200,压燃式内燃机发电机组...,24,台,48419,千克,1100092
85021310,压燃式内燃机发电机组...,85,台,1649670,千克,22680280
85021320,压燃式内燃机发电机组...,41,台,1232623,千克,17386873
85022000,装有点燃式活塞内燃发...,835,台,471541,千克,11455863
85023100,风力发电机组,13,台,47545,千克,184541
85023900,未列名发电机组,10006,台,13301,千克,293406
85024000,旋转式变流机,3,台,6,千克,1480
85030010,玩具电动机和微电机的...,126659,千克,0,—,4751312
85030020,输出功率＞350MV...,111970,千克,0,—,1040403
85030030,子目号850231所...,1392164,千克,0,—,7066881
85030090,其他专用于或主要用于...,5887861,千克,0,—,65243443
85041010,放电灯或放电管用电子...,118440,个,25991,千克,1184340
85041090,其他放电灯或放电管用...,37318,个,6879,千克,100276
85042100,液体介质变压器，额定...,42,个,19286,千克,230740
85042200,液体介质变压器，65...,11,个,24377,千克,194928
85042311,液体介质变压器，10...,8,个,4,千克,1172
85042329,液体介质变压器，额定...,30,个,37,千克,330
85043110,额定容量≤1kVA的...,335192,个,50987,千克,2368704
85043190,未列名额定容量≤1k...,97243370,个,1119406,千克,48687402
85043210,1kVA＜额定容量≤...,29279,个,3522,千克,351111
85043290,1kVA＜额定容量≤...,970344,个,141186,千克,3689874
85043310,额定容量超过16千伏...,285,个,4445,千克,123086
85043390,未列名额定容量超过1...,66623,个,102879,千克,2678009
85043410,额定容量超过500千...,6,个,220,千克,33676
85043490,未列名额定容量超过5...,62,个,164028,千克,1496027
85044013,品目8471所列机器...,1575982,个,855748,千克,47706464
85044014,其他功率＜1kW直流...,10027491,个,1545676,千克,100197354
85044015,其他功率＜10kW交...,79970,个,68941,千克,10323410
85044019,其他稳压电源,318344,个,422517,千克,35883099
85044020,不间断供电电源,16547,台,446468,千克,8599272
85044030,逆变器,78757,个,290276,千克,27341875
85044091,具有变流功能的半导体...,138639840,个,977434,千克,167859325
85044099,未列名静止式变流器,25430905,个,3506184,千克,198537536
85045000,其他电感器,15093792876,个,2391236,千克,247859057
85049011,额定容量≥400MV...,71098,千克,0,—,2093597
85049019,其他变压器的零件,574497,千克,0,—,11419255
85049020,稳压电源及不间断供电...,417741,千克,0,—,27537838
85049090,品目8504所列其他...,1296001,千克,0,—,58567558
85051110,稀土的永磁铁及磁化后...,134930,千克,0,—,11259015
85051190,其他金属永磁铁及磁化...,201231,千克,0,—,7264112
85051900,其他永磁铁及磁化后准...,862024,千克,0,—,7089347
85052000,电磁联轴节、离合器及...,386160,千克,0,—,8735341
85059010,电磁起重吸盘,869,个,2282,千克,196640
85059090,电磁铁；电磁或永磁工...,34207786,个,1019676,千克,30032026
85061011,扣式碱性锌锰原电池（...,5882350,个,12367,千克,605572
85061012,圆柱型碱性锌锰原电池...,60412338,个,1122341,千克,6070045
85061019,其他碱性锌锰原电池（...,3802575,个,116313,千克,867238
85061090,其他二氧化锰原电池（...,40301736,个,623082,千克,2900990
85064000,氧化银原电池（组）,3172134,个,2460,千克,511341
85065000,锂的原电池及原电池组,66734451,个,328774,千克,17543844
85066000,锌空气的原电池及原电...,10161438,个,17600,千克,1343635
85068000,其他原电池及原电池组,48539,个,890,千克,269726
85069010,编码85061000...,38645,千克,0,—,398953
85069090,其他原电池及原电池组...,116221,千克,0,—,1202171
85071000,用于起动活塞式发动机...,67180,个,1354909,千克,6824343
85072000,其他铅酸蓄电池,511071,个,3082547,千克,10598578
85073000,镍镉蓄电池,88920,个,34775,千克,2307506
85075000,镍氢蓄电池,5087689,个,506102,千克,17471708
85076000,锂离子蓄电池,117389645,个,5709778,千克,279224238
85078090,未列名蓄电池,1011,个,762,千克,664967
85079010,铅酸蓄电池的零件,102452,千克,0,—,782629
85079090,其他蓄电池的零件,1555623,千克,0,—,40282033
85081100,电动真空吸尘器功率≤...,438359,台,543679,千克,31098214
85081900,其他电动真空吸尘器,2652,台,43500,千克,983149
85086000,非电动真空吸尘器,60,台,801,千克,24533
85087010,编码85081100...,56437,千克,0,—,2242644
85087090,其他真空吸尘器用零件,37306,千克,0,—,511434
85094010,水果或蔬菜的榨汁器,10054,台,56193,千克,1107567
85094090,食品研磨机及搅拌器,110920,台,235333,千克,5302015
85098010,地板打蜡机,628,台,1097,千克,68301
85098020,厨房废物处理器,2599,台,22872,千克,260285
85098090,其他家用电动器具,405846,台,166375,千克,8788519
85099000,家用电动器具的零件,141944,千克,0,—,6701217
85101000,电动剃须刀,241004,个,87934,千克,7662300
85102000,电动毛发推剪,26885,个,8018,千克,385077
85103000,电动脱毛器,4684,个,2634,千克,459165
85109000,电动剃须刀及电动毛发...,70421,千克,0,—,7756886
85111000,火花塞,8056866,个,348214,千克,20810076
85112010,机车航空器船舶磁电机...,28,个,30,千克,29497
85112090,其他点火磁电机、永磁...,10332,个,3960,千克,46380
85113010,机车、航空器及船舶用...,664,个,1534,千克,80275
85113090,其他分电器、点火线圈,682574,个,133245,千克,4679812
85114010,机车航空器船舶用起动...,123,个,5195,千克,1260448
85114091,输出功率≥132.3...,29374,个,140703,千克,2418622
85114099,其他起动电机及两用起...,225870,个,900589,千克,5294801
85115010,其他机车、航空器及船...,69,个,96964,千克,1863447
85115090,未列名发电机,185025,个,1206260,千克,27257883
85118000,内燃机用其他电点火及...,125551,个,37556,千克,1534396
85119010,品目8511供机车、...,1082,千克,0,—,475729
85119090,品目8511所列其他...,1397788,千克,0,—,22560240
85121000,自行车电气照明或视觉...,20143,个,1186,千克,131767
85122010,机动车辆用电气照明装...,4618958,个,1393735,千克,113339732
85122090,机动车辆用视觉信号装...,1234457,个,508025,千克,39622790
85123011,机动车辆用喇叭、蜂鸣...,1590940,个,162121,千克,4491563
85123012,机动车辆用防盗报警器,37951,个,5563,千克,659749
85123019,机动车辆用其他电气音...,70264,个,8302,千克,1286211
85123090,自行车用电气音响信号...,165,个,62,千克,7003
85124000,车辆风挡刮水器、除霜...,179667,个,263595,千克,5819464
85129000,品目8512所列装置...,1021053,千克,0,—,47613718
85131010,手电筒,8779,个,1798,千克,151524
85131090,其他自供能源的手提式...,10144,个,2998,千克,409925
85139010,手电筒零件,722,千克,0,—,192707
85139090,其他自供能源手提式电...,1597,千克,0,—,704216
85141010,可控气氛热处理炉,46,台,244598,千克,7431836
85141090,其他工业或实验室用电...,1554,台,1022191,千克,40599058
85142000,工业或实验用感应或介...,611,台,203527,千克,8372212
85143000,其他工业或实验室用炉...,85,台,62514,千克,3815621
85144000,其他工业或实验用感应...,350,台,47537,千克,3338648
85149010,炼钢电炉的零件,10052,千克,0,—,239755
85149090,品目8514所列其他...,136765,千克,0,—,5116978
85151100,钎焊烙铁及焊枪,5366,个,8059,千克,480842
85151900,其他钎焊机器及装置,580,台,74146,千克,5705712
85152191,全自动或半自动电阻直...,1,台,70105,千克,261000
85152199,未列名全自动或半自动...,187,台,37474,千克,3557388
85152900,其他电阻焊接机器及装...,112,台,2795,千克,306365
85153120,电弧焊接机器人,6,台,2085,千克,126152
85153191,全自动或半自动螺旋焊...,1,台,75,千克,7745
85153199,未列名全自动或半自动...,516,台,44208,千克,3748299
85153900,其他电弧焊接机器及装...,424,台,40349,千克,2392131
85158010,激光焊接机器人,5,台,8400,千克,731469
85158090,未列名焊接机器及装置...,2203,台,463874,千克,45444974
85159000,品目8515所列机器...,39885,千克,0,—,10051798
85161010,电热的储存式热水器,50,个,1332,千克,33039
85161020,电热的快速热水器,2246,个,9385,千克,789272
85161090,其他电热水器,580,个,3947,千克,246081
85162100,电气储存式散热器,17,个,127,千克,909
85162910,电气土壤加热器,270,个,1314,千克,7918
85162920,辐射式电气空间加热器,4276,个,424,千克,51483
85162931,风扇式电气空间加热器,5489,个,24424,千克,649774
85162932,充液式电气空间加热器,19,个,238,千克,11825
85162939,其他对流式电气空间加...,1211,个,6923,千克,231867
85162990,未列名电气空间加热器,9335,个,18212,千克,1249330
85163100,电吹风机,68600,个,160765,千克,15415316
85163200,其他电热理发器具,53178,个,47884,千克,3947064
85163300,电热干手器,50,个,328,千克,12257
85164000,电熨斗,10460,个,15687,千克,182088
85165000,微波炉,4232,个,62681,千克,638875
85166010,电磁炉,791,个,6623,千克,422267
85166030,电饭锅,31218,个,177693,千克,4143878
85166040,电炒锅,42,个,450,千克,12644
85166050,电烤箱,4753,个,169194,千克,2026008
85166090,其他电炉；电锅、电热...,17986,个,166737,千克,3972024
85167110,滴液式咖啡机,945,个,3305,千克,60580
85167120,蒸馏渗滤式咖啡机,466,个,1352,千克,43625
85167130,泵压式咖啡机,40819,个,186091,千克,4921058
85167190,其他电咖啡机或茶壶,8199,个,17228,千克,460983
85167210,家用自动面包机,968,个,5310,千克,79087
85167220,片式烤面包机（多士炉...,10567,个,19087,千克,286819
85167290,其他电热烤面包器,27,个,97,千克,987
85167910,电热饮水机,279,台,1353,千克,76921
85167990,未列名电热器具,33544,个,78507,千克,2546211
85168000,加热电阻器,5947240,个,464556,千克,33662458
85169010,土壤加热器及加热电阻...,48535,千克,0,—,876143
85169090,品目8516所列其他...,553582,千克,0,—,20387667
85171100,无绳电话机,61,台,30,千克,15108
85171210,手持（包括车载）式无...,562121,台,102768,千克,54861293
85171220,对讲机,52048,台,34078,千克,7099088
85171290,其他无线网络的电话机,1268,台,972,千克,292800
85171800,其他电话机,6192,台,7726,千克,1007197
85176110,移动通信基站,2599,台,5618,千克,690199
85176190,其他基站,650,台,2660,千克,570024
85176211,局用电话交换机；长途...,105,台,1594,千克,206395
85176219,其他电话交换机,202,台,3550,千克,653339
85176221,光端机及脉冲编号调制...,65,台,387,千克,223888
85176222,波分复用光传输设备,181042,台,2357,千克,3276080
85176229,其他光通讯设备,58893,台,48539,千克,28387907
85176231,通信网络时钟同步设备,432,台,501,千克,969093
85176232,以太网络交换机,118596,台,273040,千克,59989040
85176233,IP电话信号转换设备,10523,台,23437,千克,4097592
85176234,调制解调器,86419,台,70415,千克,9765084
85176235,集线器,23371,台,13194,千克,2393225
85176236,路由器,113734,台,120444,千克,12289921
85176237,有线网络接口卡,277507,台,39473,千克,47024614
85176239,未列名有线数字通讯设...,373215,台,135130,千克,49463915
85176292,无线网络接口卡,4145298,台,82255,千克,22678987
85176293,无限接入固定台,2640,台,6538,千克,2331344
85176294,无线耳机、无线耳塞,423331,个,114241,千克,30025257
85176299,其他接收、转换并且发...,21751998,台,314654,千克,189831586
85176910,其他发送接收声音/图...,125950,台,31354,千克,8786647
85176990,其他发送接收声音/图...,40703,台,34648,千克,7993125
85177010,数字式程控电话或电报...,29325,千克,0,—,1510380
85177020,光端机及脉冲编号调制...,1376,千克,0,—,561962
85177030,手持式无线电话机的零...,2704292,千克,0,—,1695160105
85177040,对讲机的零件（天线除...,3224,千克,0,—,317585
85177060,光通信设备的激光收发...,26618,千克,0,—,78228086
85177070,品目8517所列设备...,188286,千克,0,—,33661568
85177090,品目8517所列设备...,1818080,千克,0,—,490038009
85181000,传声器（麦克风）及其...,155438297,个,64593,千克,56029247
85182100,单喇叭音箱,561596,个,264501,千克,7077183
85182200,多喇叭音箱,116430,个,504832,千克,14862405
85182900,其他扬声器,60293038,个,1008863,千克,46406533
85183000,耳机、耳塞（无线耳机...,26511840,个,514347,千克,162749012
85184000,音频扩大器,203081,台,193217,千克,22789295
85185000,电气扩音机组,623,套,3611,千克,173582
85189000,品目8518所列货品...,933923,千克,0,—,61643841
85192000,用硬币等支付方式工作...,46,台,1632,千克,70123
85193000,转盘（唱机唱盘）,1821,台,6708,千克,262613
85198119,其他使用磁性媒体的声...,6,台,6,千克,2116
85198121,激光唱机，未装有声音...,976,台,5076,千克,328331
85198129,其他使用光学媒体的声...,1,台,4,千克,3600
85198131,有声音重放装置的闪速...,23499,台,5651,千克,1691231
85198139,其他使用半导体媒体的...,342,台,1585,千克,95144
85198910,不带录制装置的其他唱...,10,台,153,千克,3915
85198990,其他声音录制或重放设...,4099,台,39764,千克,1126731
85219012,数字化视频光盘（DV...,64604,台,62152,千克,33270780
85219019,其他激光视盘机,1964,台,2623,千克,264214
85219090,未列名视频信号录制或...,23986,台,29729,千克,5473148
85221000,拾音头,29070,个,44,千克,46765
85229010,转盘或唱机的零件、附...,14965,千克,0,—,465767
85229021,走带机构（机芯），不...,557,千克,0,—,16078
85229022,磁头,192996,个,479,千克,239849
85229029,盒式磁带录音机或放声...,8,千克,0,—,2479
85229031,激光视盘机的机芯,60138,千克,0,—,5389480
85229039,其他视频信号录制或重...,109589,千克,0,—,6478351
85229091,车载音频转播器或发射...,34,台,7,千克,780
85229099,品目8519或852...,10225,千克,0,—,886553
85232110,未录制磁条卡,803120,个,1695,千克,139765
85232120,已录制磁条卡,212959,个,456,千克,16727
85232911,未录制磁盘,20394238,个,335012,千克,34180556
85232919,已录制磁盘,8624,个,241,千克,87707
85232921,未录制的宽度≤4mm...,16408,盘,74,千克,20754
85232922,未录制4mm＜宽度≤...,5641,盘,1155,千克,185276
85232923,未录制的宽度＞6.5...,44060,盘,18731,千克,1653764
85234100,未录制光学媒体,21502781,张,372968,千克,6033464
85234910,已录制仅用于重放声音...,44043,张,4179,千克,259198
85234920,已录制用于重放声音、...,522920,张,11577,千克,176926985
85234990,已录制其他光学媒体,2963,张,171,千克,17044
85235110,未录制固态非易失性存...,16988033,个,66018,千克,90845861
85235120,已录制固态非易失性存...,1041156,个,42338,千克,35582484
85235210,未录制“智能卡”,89885022,个,47677,千克,12239354
85235290,已录制“智能卡”,287687735,个,20035,千克,8610788
85235910,未录制半导体媒体,6386763,个,4320,千克,1013666
85235920,已录制半导体媒体,935288,个,3726,千克,237606
85238011,已录制唱片,1117,张,532,千克,25969
85238019,未录制唱片,1020,张,223,千克,1687
85238021,其他8471用录制信...,3,张,0,千克,7056
85238029,其他8471用录制信...,39,张,4,千克,87832
85238091,未列名录制声音或其他...,1000,张,1,千克,258
85255000,无线电广播、电视发送...,6,台,3182,千克,222634
85256010,卫星地面站设备,48,台,1732,千克,263991
85256090,其他装有接收装置的发...,1825,台,9008,千克,1216844
85258011,特种用途的电视摄像机,7409,台,2063,千克,5752546
85258012,非特种用途的广播级电...,69,台,312,千克,453818
85258013,非特种用途的其他类型...,6816774,台,76329,千克,111812275
85258021,特种用途的数字照相机,1105,台,1429,千克,4188305
85258022,非特种用途的单镜头反...,17060,台,28411,千克,11334422
85258025,非特种用途的其他可换...,24423,台,21470,千克,18043933
85258029,非特种用途的其他类型...,33247,台,15350,千克,11445217
85258031,特种用途的视频摄录一...,453,台,1479,千克,2186458
85258032,非特种用途的广播级视...,76,台,376,千克,490580
85258033,非特种用途的家用型视...,60026,台,11647,千克,7453024
85258039,非特种用途的其他视频...,26195,台,9365,千克,8737062
85261010,导航用雷达设备,461,台,34188,千克,4217383
85261090,其他雷达设备,179850,台,53071,千克,19290975
85269110,机动车辆用无线电导航...,78755,台,58594,千克,16364946
85269190,其他无线电导航设备,345723,台,56798,千克,15441865
85269200,无线电遥控设备,2290300,台,115907,千克,21008788
85271200,袖珍盒式磁带收放机,14,台,6,千克,154
85271300,其他不需外接电源的收...,44334,台,2158,千克,963812
85271900,其他不需外接电源的无...,801,台,20,千克,21339
85272100,需外接电源的汽车用收...,7473,台,15515,千克,921710
85272900,其他需外接电源的汽车...,6498,台,2697,千克,434953
85279100,其他收录（放）音组合...,3276,台,21545,千克,1069966
85279200,其他带时钟的收音机,163,台,179,千克,15368
85279900,未列名无线电广播接收...,34602,台,41070,千克,1232951
85284200,可直接连接且设计用于...,1,台,0,千克,3847
85284910,彩色阴极射线管监视器,2,台,1075,千克,54711
85284990,单色阴极射线管监视器,2,台,19,千克,2126
85285211,专用于或主要用于品目...,9651,台,39633,千克,3080940
85285212,其他可直接连接品目8...,33489,台,178143,千克,3952832
85285219,其他可直接连接品目8...,17,台,8,千克,3932
85285291,专用于或主要用于品目...,43,台,232,千克,47003
85285292,可直接连接品目84....,9,台,57,千克,4973
85285910,其他彩色监视器,152658,台,252503,千克,52690801
85285990,其他单色监视器,10803,台,13342,千克,677745
85286210,可直接连接并专用于或...,494,台,1769,千克,75260
85286220,可直接连接品目84....,8402,台,32855,千克,3649248
85286910,其他彩色投影机,38237,台,168198,千克,32221853
85286990,其他单色投影机,10,台,10,千克,13619
85287110,彩色卫星电视接收机,4,台,162,千克,57560
85287180,其他彩色的在设计上不...,4811,台,798,千克,482736
85287221,液晶显示器彩色模拟电...,129,台,706,千克,70992
85287222,液晶显示器彩色数字电...,660,台,14611,千克,284502
85287229,其他液晶显示器彩色电...,11,台,99,千克,8772
85287292,其他彩色数字电视接收...,42,台,2025,千克,147361
85291010,雷达及无线电导航设备...,35501,千克,0,—,5197273
85291020,收音机、电视机等的天...,57678,千克,0,—,3325410
85291090,品目8525至852...,135622,千克,9282567,个,9873411
85299010,电视发送、差转及卫星...,19536,千克,801492,个,301022
85299041,特种用途电视摄像机等...,350,千克,0,—,800235
85299042,非特种用途的取像模块,80465,千克,0,—,678366645
85299049,其他电视摄像机等及数...,98063,千克,0,—,98259579
85299050,雷达及无线电导航设备...,168081,千克,0,—,88699970
85299060,无线电收音机及其组合...,131529,千克,0,—,9007307
85299081,彩色电视接收机零件(...,329346,千克,0,—,4661218
85299083,电视接收机用有机发光...,737720,千克,200532,个,62941587
85299089,其他电视接收机零件,47015,千克,0,—,184527
85299090,品目8525至852...,359737,千克,89373789,个,95743499
85301000,铁道或电车道电气信号...,757,个,6280,千克,4922563
85308000,其他电气信号、安全或...,123,个,3378,千克,309692
85309000,品目8530所列设备...,6647,千克,0,—,1365820
85311000,防盗或防火报警器及类...,25633,个,28756,千克,4797752
85312000,装有液晶装置或发光二...,11285420,个,167892,千克,55985814
85318010,蜂鸣器,17585872,个,42000,千克,3646227
85318090,未列名电气音响或视觉...,3127373,个,43029,千克,6683327
85319010,防盗或防火报警器及类...,145124,千克,0,—,4200883
85319090,品目8531所列其他...,27245,千克,0,—,4314985
85321000,50/60Hz电路用...,105359,千克,2059,千个,3170408
85322110,片式钽电容器,67894,千克,1160445,千个,55493632
85322190,其他钽电容器,2340,千克,16500,千个,1089782
85322210,片式铝电解电容器,310821,千克,421893,千个,41027239
85322290,其他铝电解电容器,2540092,千克,960848,千个,96959468
85322300,单层瓷介电容器,144964,千克,1329103,千个,13872747
85322410,片式多层瓷介电容器,1746485,千克,231446848,千个,618613035
85322490,其他多层瓷介电容器,49434,千克,141468,千个,4238392
85322510,片式纸介质或塑料介质...,49562,千克,148854,千个,2499541
85322590,其他纸介质或塑料介质...,611385,千克,166721,千个,18490548
85322900,未列名固定电容器,128054,千克,100146,千个,10020467
85323000,可变或可调（微调）电...,8321,千克,9097,千个,4960473
85329010,品目85321000...,22351,千克,0,—,276711
85329090,其他电容器的零件,113839,千克,0,—,8172973
85331000,固定碳质电阻器，合成...,46968,千克,867342,千个,5645495
85332110,额定功率≤20瓦的片...,566126,千克,101626270,千个,105207556
85332190,额定功率≤20瓦的其...,144853,千克,581483,千个,11751759
85332900,额定功率＞20瓦的其...,118429,千克,22514,千个,5210036
85333100,额定功率≤20瓦的线...,10332,千克,20630,千个,3595792
85333900,额定功率＞20瓦的线...,4361,千克,1280,千个,215979
85334000,其他可变电阻器,412856,千克,2203867,千个,78959170
85339000,电阻器（包括变阻器及...,170475,千克,0,—,6040725
85340010,四层以上的印刷电路,404887820,块,2483101,千克,437072167
85340090,四层及以下的印刷电路,3391648360,块,3177786,千克,400278855
85351000,熔断器，线路电压＞1...,251098,个,17913,千克,823576
85352100,自动断路器，1000...,1456,个,129316,千克,7507523
85352910,自动断路器，72.5...,1538,个,120,千克,14171
85353010,隔离开关及断续开关，...,4627,个,13564,千克,761576
85353090,用于电压超过1000...,86817,个,43656,千克,2041743
85354000,避雷器、电压限幅器及...,3243643,个,18694,千克,1459736
85359000,其他开关、保护或连接...,129976,千克,0,—,9727498
85361000,熔断器，线路电压≤1...,629217467,个,549144,千克,41690249
85362000,自动断路器，线路电压...,4683231,个,358730,千克,17559095
85363000,其他电路保护装置，线...,184727906,个,174558,千克,58150303
85364110,继电器，V≤36V,76964050,个,859123,千克,53239498
85364190,继电器，36V≤V≤...,1227934,个,49797,千克,2677538
85364900,继电器，60V＜线路...,11621082,个,517084,千克,28154455
85365000,开关，线路电压≤10...,1254879788,个,1348309,千克,241985091
85366100,灯座，线路电压≤10...,2415583,个,23948,千克,1219680
85366900,插头及插座，线路电压...,333681324,个,886204,千克,73682786
85367000,光导纤维、光导纤维束...,46297,千克,0,—,10050007
85369011,工作电压不超过36伏...,5404595,千克,0,—,561161625
85369019,工作电压超过36伏，...,1350444,千克,0,—,100908118
85369090,未列名用于电压不超过...,1525426,千克,0,—,97465285
85371011,用于电压≤1000V...,1784670,个,328062,千克,188972558
85371019,用于电压≤1000V...,149194,个,136853,千克,26201911
85371090,其他电气控制或电力分...,8940958,个,2619242,千克,352770778
85372010,全封闭组合式高压开关...,6,台,3152,千克,509135
85372090,其他电气控制或分配盘...,270658,千克,0,—,23547091
85381010,品目85372010...,7314,千克,0,—,117459
85381090,品目8537所列其他...,127289,千克,0,—,6902980
85389000,品目8535、853...,6516889,千克,0,—,334594303
85391000,封闭式聚光灯,7304,只,276,千克,82174
85392110,科研、医疗专用卤钨灯,19934,只,315,千克,256988
85392120,火车、航空器及船舶用...,4109,只,691,千克,119548
85392130,机动车辆用卤钨灯,1918725,只,31265,千克,1892772
85392190,其他卤钨灯,184133,只,5193,千克,1726233
85392210,其他科研医疗专用白炽...,199,只,9,千克,6606
85392290,未列名白炽灯泡，功率...,168384,只,2752,千克,125622
85392910,科研、医疗专用未列名...,5052,只,27,千克,39696
85392920,火车、航空器及船舶用...,104065,只,806,千克,169329
85392930,机动车辆用未列名白炽...,9610098,只,51075,千克,2080065
85392991,≤12V的未列名白炽...,50514754,只,23051,千克,110685
85392999,未列名白炽灯泡,737379,只,13288,千克,326485
85393110,科研、医疗专用热阴极...,20,只,6,千克,3178
85393120,火车、航空器及船舶用...,2186,只,593,千克,34744
85393191,紧凑型热阴极荧光灯,108897,只,4559,千克,52442
85393199,其他热阴极荧光灯,130187,只,13466,千克,381247
85393230,钠蒸气灯,583,只,250,千克,25035
85393240,汞蒸气灯,18805,只,3712,千克,3972273
85393290,其他金属卤化物灯,126442,只,7073,千克,1552004
85393910,其他科研、医疗专用放...,3162,只,420,千克,455174
85393920,其他火车、航空器及船...,2479,只,3500,千克,685135
85393990,未列名放电灯管,1188993,只,14137,千克,4312626
85394100,弧光灯,31021,只,2558,千克,890610
85394900,紫外线灯管或红外线灯...,1066156,只,69758,千克,13745357
85395000,发光二极管（LED）...,2051481,只,30544,千克,5049842
85399000,品目8539所列货品...,47112,千克,0,—,4186878
85402090,变像管及图像增强管；...,1059,只,977,千克,1006424
85406090,未列名阴极射线管,75,只,114,千克,176652
85407100,磁控管,359982,只,254562,千克,3303110
85407910,速调管,6,只,918,千克,390571
85407990,其他微波管,50002,只,400,千克,6351
85408100,接收管或放大管,257350,只,919,千克,533433
85408900,未列名热电子管、冷阴...,168673,只,5305,千克,4302822
85409190,其他阴极射线管零件,413,千克,0,—,55794
85409990,未列名热电子管、冷阴...,67389,千克,0,—,2373005
85411000,二极管，但光敏二极管...,13680148384,个,1055576,千克,268507608
85412100,耗散功率＜1瓦的晶体...,6247537529,个,306014,千克,135338296
85412900,耗散功率≥1瓦的晶体...,3559089444,个,1703369,千克,552798151
85413000,半导体开关元件等,179867129,个,142789,千克,22517545
85414010,发光二极管,10853023700,个,347295,千克,417417997
85414020,太阳能电池,48087668,个,5041448,千克,29839008
85414090,其他光敏半导体器件（...,1328510952,个,455374,千克,142413197
85415000,其他半导体器件,2139318559,个,73575,千克,47774386
85416000,已装配的压电晶体,2844496650,个,104320,千克,253090310
85419000,品目8541所列货品...,392249,千克,0,—,271004506
85423111,具有变流功能的半导体...,37319002,个,64648,千克,88356720
85423119,其他用作处理器及控制...,198766727,个,49639,千克,1416306903
85423190,其他用作处理器及控制...,10519848680,个,1989979,千克,13031999502
85423210,用作存储器的多元件集...,37881672,个,14575,千克,222916224
85423290,其他用作存储器的集成...,3011841738,个,668756,千克,7745685942
85423310,用作放大器的多元件集...,109241817,个,11074,千克,191011724
85423390,其他用作放大器的集成...,2577539512,个,215850,千克,687762761
85423910,其他多元件集成电路,687239202,个,168377,千克,304899624
85423990,其他集成电路,24807045461,个,1983087,千克,5011844541
85429000,集成电路的零件,1087393,千克,0,—,76860479
85431000,粒子加速器,5,台,30655,千克,2170293
85432010,通用信号发生器，输出...,8849,台,16856,千克,10382914
85432090,其他信号发生器,6386,台,12386,千克,16020828
85433000,电镀、电解或电泳设备...,3002,台,1386654,千克,49466242
85437091,金属、矿藏探测器,19531,台,49394,千克,4048940
85437092,高、中频放大器,6316989,台,25319,千克,43953527
85437093,电篱网激发器,1,台,15,千克,500
85437099,未列名具有独立功能的...,43919215,台,1386694,千克,292833475
85439010,粒子加速器零件,502,千克,0,—,235954
85439021,＜1500MHz的通...,1247,千克,0,—,573685
85439029,其他信号发生器零件,1300,千克,0,—,616419
85439030,金属、矿藏探测器零件,2267,千克,0,—,504517
85439040,高、中频放大器零件,10129,千克,0,—,6116759
85439090,品目8543所列其他...,536314,千克,0,—,73260299
85441100,铜制绕组电线,1915994,千克,10936621901,米,26913453
85441900,其他绕组电线,108357,千克,96515901,米,743157
85442000,同轴电缆及其他同轴电...,751587,千克,0,—,23132956
85443020,机动车辆用点火布线组...,1159797,千克,0,—,37640335
85443090,其他车，航空器，船用...,385035,千克,0,—,7789169
85444211,有接头电缆，额定电压...,2083043,千克,77361657,米,137895124
85444219,其他有接头电导体，额...,858123,千克,0,—,48575606
85444221,有接头电缆，80V＜...,2635242,千克,11125518,米,59137820
85444229,其他有接头电导体，8...,899871,千克,0,—,25133589
85444911,其他电缆，额定电压≤...,1134004,千克,32795713,米,20646790
85444919,其他电导体，额定电压...,4526690,千克,0,—,42109541
85444921,其他电缆，80V＜额...,1914919,千克,22608282,米,23536992
85444929,其他电导体，80V＜...,1615847,千克,0,—,23007012
85446012,电缆，1kV＜额定电...,454916,千克,388424,米,8504947
85446013,电缆，35kV＜额定...,27154,千克,26768,米,680192
85446014,电缆，110kV＜额...,4137,千克,2365,米,96116
85446019,电缆，额定电压＞22...,2182,千克,2586,米,58740
85446090,未列名电导体，额定电...,65345,千克,0,—,1615874
85447000,由每根被覆光纤组成的...,2451717,千克,10624460,米,16320774
85451100,炉用碳电极,264141,千克,0,—,1337188
85451900,其他碳电极,171795,千克,0,—,1912016
85452000,碳刷,64348,千克,0,—,4814430
85459000,其他电气设备用石墨或...,102468,千克,0,—,1923907
85461000,玻璃制的绝缘子,76344,千克,0,—,136556
85462010,输变电线路绝缘瓷套管,64777,千克,0,—,2855812
85462090,其他陶瓷制的绝缘子,21114,千克,0,—,380384
85469000,其他绝缘子,280782,千克,0,—,13346436
85471000,陶瓷制绝缘零件,126142,千克,0,—,7984556
85472000,塑料制绝缘零件,1121852,千克,0,—,39012832
85479010,内衬绝缘材料的贱金属...,25586,千克,0,—,1194173
85479090,未列名的电气机器、器...,138899,千克,0,—,7002344
85489000,本章其他品目未列名机...,516101,千克,0,—,140431845
86021090,其他柴油电力铁道机车,1,辆,32150,千克,68669
86029000,其他铁道机车；机车煤...,6,辆,62929,千克,1560448
86031000,外部供电铁道及电车道...,2,辆,46907,千克,6762091
86040011,隧道限界检查车,1,辆,60,千克,27995
86040012,钢轨在线打磨列车,28,辆,1855,千克,166986
86063000,铁道及电车道非机动自...,12,辆,180000,千克,1802924
86071100,铁道及电车道机车等车...,12,套,82520,千克,2304606
86071200,铁道及电车道机车等车...,406,套,19127,千克,403058
86071910,铁道及电车道机车等车...,716,根,235362,千克,1494654
86071990,铁道及电车道机车或车...,7191306,千克,0,—,19721732
86072100,铁道及电车道机车等车...,639869,千克,0,—,12511778
86072900,铁道及电车道机车等车...,31676,千克,0,—,388626
86073000,铁道等机车的钩、联结...,1000697,千克,0,—,33429360
86079100,其他铁道及电车道机车...,82438,千克,0,—,3763184
86079900,其他铁道及电车道车辆...,119082,千克,0,—,3535927
86080010,轨道自动计轴设备,8704,千克,55,台,1575657
86080090,轨道固定装置和机械交...,17335,千克,0,—,954181
86090012,20英尺罐式集装箱,27,个,120840,千克,771100
86090019,其他20英尺集装箱,2,个,7600,千克,5523
86090029,其他40英尺集装箱,2,个,30350,千克,316997
86090090,其他集装箱（包括运输...,9,个,8811,千克,144232
87012000,半挂车用的公路牵引车,14,辆,122172,千克,5656538
87019210,18千瓦＜发动机功率...,4,辆,2642,千克,24072
87019290,18千瓦＜发动机功率...,10,辆,59520,千克,1361873
87019310,37千瓦＜发动机功率...,4,辆,8605,千克,88199
87019490,75千瓦＜发动机功率...,2,辆,18900,千克,280048
87019510,发动机功率＞130千...,8,辆,69311,千克,931505
87021093,仅装有压燃式活塞内燃...,2,辆,6502,千克,133040
87029030,其他机动客车，10≤...,8,辆,19818,千克,310902
87031011,全地形高尔夫球机动车,28,辆,14593,千克,297045
87032230,仅装有点燃往复式活塞...,3007,辆,4654971,千克,82145845
87032240,仅装有点燃往复式活塞...,120,辆,144100,千克,2247389
87032250,仅装有点燃往复式活塞...,42,辆,63450,千克,909105
87032341,仅装有点燃往复式活塞...,7835,辆,12887525,千克,233386031
87032342,仅装有点燃往复式活塞...,7420,辆,15069278,千克,344848899
87032343,仅装有点燃往复式活塞...,5862,辆,11205728,千克,194409245
87032351,仅装有点燃往复式活塞...,735,辆,1186347,千克,18121498
87032352,仅装有点燃往复式活塞...,45,辆,73760,千克,998411
87032353,仅装有点燃往复式活塞...,124,辆,228780,千克,2357452
87032361,仅装有点燃往复式活塞...,7955,辆,16917534,千克,568195998
87032362,仅装有点燃往复式活塞...,15830,辆,38182216,千克,806157098
87032363,仅装有点燃往复式活塞...,821,辆,1772492,千克,42272914
87032411,仅装有点燃往复式活塞...,119,辆,235236,千克,13536012
87032412,仅装有点燃往复式活塞...,15625,辆,39900297,千克,626652611
87032413,仅装有点燃往复式活塞...,1896,辆,4264555,千克,79096799
87032421,仅装有点燃往复式活塞...,29,辆,53338,千克,4524604
87032422,仅装有点燃往复式活塞...,2724,辆,6942312,千克,171987668
87032423,仅装有点燃往复式活塞...,2,辆,4889,千克,112770
87033312,仅装有压燃式活塞内燃...,462,辆,1099281,千克,38800488
87033313,仅装有压燃式活塞内燃...,3,辆,7500,千克,131051
87033322,仅装有压燃式活塞内燃...,12,辆,29676,千克,1494637
87033362,仅装有压燃式活塞内燃...,750,辆,1869484,千克,38226820
87034031,同时装有点燃往复式活...,1093,辆,1675090,千克,23733617
87034041,同时装有点燃往复式活...,3405,辆,5686350,千克,90656280
87034042,同时装有点燃往复式活...,1,辆,1990,千克,49137
87034043,同时装有点燃往复式活...,2716,辆,5700114,千克,156279467
87034061,同时装有点燃往复式活...,661,辆,1453660,千克,35893780
87034063,同时装有点燃往复式活...,464,辆,1015200,千克,17012948
87036000,同时装有点燃往复式活...,756,辆,1916984,千克,69174194
87038000,仅装有驱动电动机的主...,1007,辆,2171108,千克,61813018
87041090,其他非公路用货运机动...,1,辆,39130,千克,313655
87042100,其他柴油货车，车总重...,13,辆,31016,千克,503519
87042230,其他柴油货车，5吨＜...,18,辆,51337,千克,868856
87042240,其他柴油货车，14吨...,19,辆,114026,千克,4535282
87042300,其他柴油货车，车总重...,418,辆,4406377,千克,41575743
87043100,其他汽油货车，车总重...,915,辆,2215471,千克,33250935
87043240,其他汽油货车，车总重...,9,辆,29979,千克,403467
87053090,其他机动救火车,12,辆,211420,千克,8187577
87059099,未列名特殊用途的机动...,10,辆,105301,千克,1579643
87060030,装有发动机的座位≥3...,31,台,253150,千克,3733178
87071000,机动小客车的车身（包...,37,台,18857,千克,317355
87079090,品目8701、870...,4,台,2396,千克,29839
87081000,缓冲器（保险杠）及其...,1503905,千克,0,—,28374733
87082100,座椅安全带,693122,千克,0,—,18884642
87082930,车窗玻璃升降器,96877,千克,0,—,2120060
87082941,电动天窗,63592,千克,4155,套,1055819
87082942,手动天窗,2154,千克,181,套,76162
87082951,侧围,90376,千克,0,—,1843420
87082952,车门,414643,千克,27359,个,8253575
87082953,发动机罩盖,362772,千克,0,—,4597669
87082954,前围,41508,千克,0,—,221771
87082955,行李箱盖（或背门）,191174,千克,0,—,3344845
87082956,后围,33091,千克,0,—,226598
87082957,翼子板（或叶子板）,144043,千克,0,—,3779398
87082959,其他车身覆盖件,2662405,千克,0,—,10706990
87082990,车身（包括驾驶室）的...,30429848,千克,0,—,403392838
87083010,装在蹄片上的制动摩擦...,1163767,千克,0,—,14023869
87083029,其他车辆用防抱死制动...,40398,千克,0,—,3209893
87083091,牵引车、拖拉机用其他...,208718,千克,0,—,2668409
87083092,≥30座的机动客车用...,263493,千克,0,—,4328743
87083093,非公路用自卸车用其他...,35530,千克,0,—,552748
87083094,轻型柴油及汽油货车用...,13105,千克,0,—,171303
87083095,重型柴油货车用其他制...,88535,千克,0,—,1152985
87083096,品目8705所列车辆...,987,千克,0,—,29567
87083099,未列名机动车辆用其他...,3661512,千克,29071531,个,64164658
87084010,牵引车、拖拉机用变速...,140568,个,272633,千克,4706213
87084020,≥30座的机动客车用...,13273,个,260902,千克,5910629
87084030,非公路用自卸车用变速...,8017,个,32965,千克,1001371
87084040,轻型柴油及汽油货车用...,601716,个,341326,千克,5417821
87084050,重型柴油货车用变速箱...,363798,个,885132,千克,16065494
87084060,品目8705所列车辆...,10139,个,122492,千克,3699939
87084091,小轿车用自动换挡变速...,31493909,个,22246460,千克,419122330
87084099,未列名机动车辆用变速...,22654620,个,13558935,千克,282636630
87085071,牵引车、拖拉机用装有...,13509,个,114510,千克,798231
87085072,≥30座的机动客车用...,2079,个,177784,千克,1656131
87085073,非公路用自卸车用装有...,864,个,4884,千克,210024
87085074,轻型柴油及汽油货车用...,19677,个,111164,千克,887308
87085075,重型柴油货车用装有差...,33517,个,131574,千克,768688
87085076,品目8705所列车辆...,576,个,164999,千克,1586568
87085079,其他机动车辆用装有差...,3156074,个,4163320,千克,53826040
87085081,牵引车、拖拉机用非驱...,14939,千克,0,—,88571
87085082,≥30座的机动客车用...,68398,千克,0,—,585164
87085083,非公路用自卸车用非驱...,2500,千克,0,—,52000
87085084,轻型柴油及汽油货车用...,232,千克,0,—,2697
87085085,重型柴油货车用非驱动...,1529,千克,0,—,18587
87085086,品目8705所列车辆...,47617,千克,0,—,399686
87085089,其他机动车辆用非驱动...,888664,千克,1096059,个,5316451
87087010,品目8701所列车辆...,17130,千克,0,—,77238
87087020,≥30座的客车用车轮...,2,千克,0,—,57
87087030,非公路自卸车用车轮及...,12339,千克,0,—,115126
87087040,轻型柴油及汽油货车用...,12962,千克,0,—,180916
87087050,重型柴油型货车用车轮...,38203,千克,0,—,185525
87087060,品目8705所列车辆...,64,千克,0,—,780
87087091,铝合金制的未列名机动...,928069,千克,0,—,5462912
87087099,非铝合金制未列名机动...,1160994,千克,0,—,8012455
87088010,品目8703所列车辆...,6884290,千克,0,—,73646937
87088090,其他机动车辆的悬挂系...,389163,千克,0,—,2948080
87089110,水箱散热器,150861,个,208457,千克,3608804
87089120,机油冷却器,228219,个,154555,千克,4654331
87089190,其他散热器；散热器的...,8981353,个,676364,千克,13714707
87089200,机动车辆的消声器、排...,761187,千克,0,—,31853815
87089310,牵引车拖拉机用离合器...,121581,千克,0,—,1334230
87089320,≥30座的机动客车用...,26141,千克,0,—,254634
87089330,非公路用自卸车用离合...,1622,千克,0,—,88982
87089340,轻型柴油及汽油货车用...,9482,千克,0,—,332612
87089350,重型柴油货车用离合器...,171131,千克,0,—,2297193
87089360,品目8705所列车辆...,4593,千克,0,—,47547
87089390,其他机动车辆用离合器...,1942222,千克,0,—,30929683
87089410,牵引车、拖拉机用转向...,12897,千克,0,—,252266
87089420,≥30座的机动客车用...,420,千克,0,—,23299
87089430,非公路用自卸车用转向...,8919,千克,0,—,174594
87089440,轻型柴油及汽油货车用...,7770,千克,0,—,174971
87089450,重型柴油货车用转向盘...,31575,千克,0,—,590489
87089460,品目8705所列车辆...,2550,千克,0,—,45904
87089490,其他机动车辆用转向盘...,6583445,千克,0,—,124894968
87089500,带充气系统的安全气囊...,2324957,千克,0,—,49617980
87089910,品目8701所列车辆...,131280,千克,0,—,1132555
87089929,≥30座的客车用未列...,36399,千克,0,—,821712
87089939,非公路自卸车用未列名...,7472,千克,0,—,221925
87089949,轻型货车用未列名零件...,28024,千克,0,—,234094
87089959,重型货车用未列名零件...,24262,千克,0,—,238769
87089960,品目8705所列车辆...,15998,千克,0,—,442449
87089991,品目8701至870...,478413,千克,2861,个,1991072
87089992,品目8701至870...,1195988,千克,0,—,18548630
87089999,品目8701至870...,14786842,千克,0,—,228946512
87091110,电动牵引车,23,辆,66354,千克,706758
87099000,短距离运货的机动车辆...,5723,千克,0,—,83319
87112030,往复式内燃机摩托车等...,2,辆,294,千克,16428
87112040,往复式内燃机摩托车等...,1542,辆,193820,千克,4145275
87112050,往复式内燃机摩托车等...,87,辆,12441,千克,241428
87113010,往复式内燃机摩托车等...,3559,辆,583476,千克,12653974
87113020,往复式内燃机摩托车等...,586,辆,117236,千克,3006367
87114000,往复式内燃机摩托车等...,1768,辆,357859,千克,11498627
87115000,往复式内燃机摩托车等...,3255,辆,791478,千克,40951188
87116000,装有驱动电动机的摩托...,2510,辆,38676,千克,1301321
87120020,竞赛型自行车,2243,辆,21173,千克,2508494
87120030,山地自行车,1329,辆,18642,千克,491968
87120041,16、18、20英寸...,228,辆,3789,千克,39499
87120081,16英寸及以下的未列...,749,辆,7238,千克,221548
87120089,未列名自行车,271,辆,3887,千克,39449
87131000,非机械驱动残疾人用车,260,辆,5196,千克,94544
87139000,其他残疾人用车,11,辆,744,千克,22127
87141000,摩托车（包括机器脚踏...,281298,千克,0,—,6903754
87142000,残疾人车辆零件、附件,62286,千克,0,—,1165447
87149100,品目8711至871...,193228,千克,0,—,4871131
87149210,品目8711至871...,12580,千克,0,—,263273
87149290,品目8711至871...,14547,千克,0,—,209803
87149310,品目8711至871...,15883,千克,0,—,636490
87149320,品目8711至871...,92588,千克,0,—,2408476
87149390,品目8711至871...,1686,千克,0,—,47639
87149400,品目8711至871...,250557,千克,0,—,6764962
87149500,品目8711至871...,12492,千克,33018,个,232115
87149610,品目8711至871...,26545,千克,0,—,366407
87149620,品目8711至871...,117054,千克,0,—,2076723
87149900,品目8711至871...,1106409,千克,0,—,17760441
87150000,婴孩车及其零件,53324,千克,0,—,1303310
87161000,供居住或野营用厢式挂...,24,辆,63304,千克,495162
87162000,农用自装或自卸式挂车...,5,辆,33481,千克,315506
87164000,未列名挂车及半挂车,2,辆,455,千克,18695
87168000,未列名非机械驱动车辆,7395,辆,139387,千克,2448133
87169000,挂车及半挂车或其他非...,1105567,千克,0,—,5254707
88010010,滑翔机及悬挂滑翔机,3,架,980,千克,13972
88021100,直升机，空载重量≤2...,17,架,7082,千克,4556023
88021210,2000kg＜空载重...,1,架,6500,千克,4500000
88022000,飞机等航空器，空载重...,88,架,15850,千克,5707950
88024010,15000kg＜空载...,4,架,170974,千克,187875292
88024020,空载重量＞45000...,1,架,53040,千克,14522744
88031000,推进器、水平旋翼及其...,5804,千克,0,—,2274626
88032000,起落架及其零件,88498,千克,0,—,28699426
88033000,飞机及直升机的其他零...,119589,千克,0,—,81306114
88039000,航空器、航天器及其运...,1925,千克,0,—,1982957
88040000,降落伞、旋翼降落伞及...,2254,千克,0,—,191689
88052900,其他地面飞行训练器及...,54,千克,0,—,537885
89011010,机动巡航船、游船等主...,1,艘,365,千克,29044
89019041,载重量≤15万吨的机...,19,艘,540336000,千克,357622487
89031000,娱乐或运动用充气快艇...,78,艘,9184,千克,75811
89039200,汽艇，装有舷外发动机...,139,艘,57128,千克,1679205
89039900,未列名娱乐或运动用船...,57,艘,9862,千克,446280
89052000,浮动或潜水式钻探或生...,1,座,13615000,千克,49425602
89069010,未列名机动船舶，包括...,10,艘,6861,千克,329498
89071000,充气筏,205,艘,18339,千克,848748
89079000,未列名浮动结构体,5790,个,16596,千克,400292
90011000,光纤、光纤束及光缆，...,120803,千克,0,—,30245168
90012000,偏振材料制的片及板,6119940,千克,0,—,342399943
90013000,隐形眼镜片,99776087,片,343809,千克,38716548
90014091,玻璃制太阳镜片,74555,片,1451,千克,182614
90014099,其他玻璃制眼镜片,94539,片,912,千克,55156
90015010,其他材料制变色镜片,281365,片,15643,千克,3973207
90015091,其他材料制太阳镜片,667209,片,16323,千克,1909086
90015099,其他材料制未列名眼镜...,3437701,片,113731,千克,13242170
90019010,彩色滤光片,9005,千克,0,—,3280008
90019090,未列名未装配的光学元...,1986829,千克,0,—,193268367
90021110,制版、缩微及特种照相...,608,千克,883,个,226515
90021131,单反相机镜头,26883,千克,1046308,个,13733200
90021139,其他照相机用物镜,27826,千克,1397461,个,16180411
90021190,其他照相机、投影仪、...,40795,千克,2724924,个,10833049
90021910,摄影机或放映机用物镜,816,千克,1598,个,412320
90021990,未列名物镜,45494,千克,138586931,个,194170456
90022010,照相机用滤色镜,759,千克,382933,个,252962
90022090,其他滤色镜,403,千克,24986,个,1075626
90029010,照相机用其他已装配的...,315,千克,252867,个,157211
90029090,未列名已装配的光学元...,57286,千克,12135063,个,77062964
90031100,塑料制眼镜架,18574,千克,423650,副,4230568
90031910,金属材料制眼镜架,9659,千克,214269,副,5665736
90031920,天然材料制眼镜架,52,千克,100,副,30889
90031990,未列名材料制眼镜架,258,千克,2902,副,107838
90039000,眼镜零件,13520,千克,0,—,1958094
90041000,太阳镜,54997,千克,528079,副,25300330
90049010,变色镜,406,千克,2165,副,45645
90049090,未列名矫正视力、护目...,86162,千克,1525712,副,4114135
90051000,双筒望远镜,7555,个,6200,千克,579679
90058010,天文望远镜及其他天文...,1304,台,2327,千克,181694
90058090,单筒望远镜、其他光学...,662,台,313,千克,77883
90059010,天文望远镜及其他天文...,1799,千克,0,—,224074
90059090,其他光学望远镜的零件...,4664,千克,0,—,207471
90063000,水下、航空测量等特种...,69,台,60,千克,45000
90064000,一次成相照相机,2864,台,15413,千克,1073028
90065100,单镜头反光式照相机机...,4,台,3,千克,750
90065300,其他使用胶片宽度为3...,180835,台,13912,千克,311240
90065910,激光照相排版设备,5,台,12603,千克,51878
90065990,未列名照相机,1244,台,5117,千克,1033430
90066100,放电式（电子式）闪光...,5855234,个,2674,千克,13912356
90066910,闪光灯泡,110444,个,94,千克,48958
90066990,其他照相闪光灯装置,32634,个,138,千克,151149
90069110,编码9006.300...,9,千克,0,—,21311
90069120,一次成像照相机用零件...,7364,千克,0,—,808711
90069191,其他照像机自动调焦组...,2,千克,21,套,2160
90069192,其他照像机用快门组件,181,千克,62122,套,193032
90069199,其他照像机未列名零件,2916,千克,0,—,839864
90069900,照相闪光灯装置的零件...,1187,千克,0,—,129388
90071010,电影高速摄影机,1,台,6,千克,3256
90072010,数字式电影放映机,6,台,2770,千克,786681
90079100,电影摄影机的零件、附...,319,千克,0,—,207170
90079200,电影放映机的零件、附...,6432,千克,0,—,2287680
90085010,幻灯机,100,台,380,千克,42817
90085031,正射投影仪,5,台,80,千克,7327
90085039,其他影像投影仪,1990,台,4238,千克,370142
90085040,照片（电影片除外）放...,6,台,229,千克,8943
90089020,照片放大机及缩片机的...,1,千克,0,—,288
90089090,其他影像投影仪的零件...,1455,千克,0,—,139479
90101020,特种照相用胶卷或成卷...,1,台,340,千克,29000
90105022,特种照相洗印用其他装...,43,台,102308,千克,7600032
90105029,其他照相洗印用未列名...,34,台,153762,千克,20455618
90106000,银幕及其他投影屏幕,52,个,681,千克,59853
90109010,电影洗印用装置和设备...,1,千克,0,—,147
90109020,特种照相洗印用装置和...,918,千克,0,—,251358
90109090,其他照相洗印用装置和...,325,千克,0,—,210672
90111000,立体显微镜,890,台,20443,千克,8588035
90112000,缩微照相、电影摄影及...,1318,台,34779,千克,27671827
90118000,未列名复式光学显微镜,5214,台,29078,千克,9483079
90119000,复式光学显微镜的零件...,33591,千克,0,—,4382723
90121000,显微镜（光学显微镜除...,417,台,180350,千克,73701657
90129000,显微镜（光学显微镜除...,5662,千克,0,—,6351244
90131000,武器望远瞄准具；潜望...,90,个,70,千克,191676
90132000,激光器，激光二极管除...,7692823,个,341127,千克,260475866
90138010,放大镜,7991,个,909,千克,232367
90138020,光学门眼,54,个,2,千克,5476
90138030,液晶显示板,164071527,个,23302426,千克,1597682959
90138090,未列名液晶装置和未列...,1466777,个,25449,千克,12294893
90139010,品目90131000...,19809,千克,0,—,46427059
90139020,编码9013.803...,957330,千克,0,—,217580029
90139090,子目9013.80所...,12370,千克,0,—,20096083
90141000,定向罗盘,13169,个,10813,千克,2014779
90142010,自动驾驶仪,252,个,687,千克,737783
90142090,其他航空或航天导航仪...,5502,个,1196,千克,5001080
90148000,其他导航仪器及装置,7596,个,30707,千克,9712903
90149010,自动驾驶仪用零件、附...,30,千克,0,—,238302
90149090,其他导航仪器及装置的...,5420,千克,0,—,2184448
90151000,测距仪,1219111,台,14526,千克,10804838
90152000,经纬仪及视距仪,22,台,170,千克,678181
90153000,水平仪,2495,台,4752,千克,1330564
90154000,摄影测量用仪器及装置,60,千克,0,—,100869
90158000,其他大地及水道测量海...,10574,台,76522,千克,51881548
90159000,品目9015所列仪器...,124273,千克,0,—,27388693
90160010,感量≤0.1毫克的天...,750,台,7125,千克,1999111
90160090,50毫克≥感量＞0....,2755,台,2013,千克,522229
90171000,绘图台及绘图机,77,台,885,千克,139721
90172000,其他绘图、划线或数学...,240092,个,13767,千克,198884
90173000,千分尺、卡尺及量规,52912,个,14160,千克,3193583
90178000,其他手用测量长度的器...,326592,个,23681,千克,1334366
90179000,品目9017所列仪器...,259700,千克,0,—,2588017
90181100,心电图记录仪,15208795,台,25418,千克,2151070
90181210,B型超声波诊断仪,18793,台,15526,千克,1945732
90181291,彩色超声波诊断仪,111844,台,116469,千克,83611221
90181299,未列名超声波扫描装置,1159,台,2765,千克,2770165
90181310,成套的核磁共振成像装...,46,套,396852,千克,81446241
90181390,核磁共振成像装置的零...,36158,个,316531,千克,25758806
90181400,闪烁摄影装置,127,台,99060,千克,18693663
90181930,病员监护仪,7378881,台,44817,千克,13543020
90181941,听力计,275,台,1203,千克,695042
90181949,其他听力诊断装置,1558,台,1121,千克,994764
90181990,未列名电气诊断装置,146640,台,40337,千克,16132512
90182000,紫外线及红外线装置,81,台,911,千克,102131
90183100,注射器，不论是否装有...,119159009,个,405398,千克,16749354
90183210,管状金属针头,73186,千克,0,—,8353898
90183220,缝合用针,28335,千克,0,—,20977293
90183900,其他针、导管、插管及...,186989590,个,1641336,千克,167502703
90184100,牙钻机，可与其他牙科...,3605,台,1038,千克,444409
90184910,装有牙科设备的牙科用...,707,台,67783,千克,2044118
90184990,牙科用未列名仪器及器...,5122333,台,47346,千克,15008283
90185000,眼科用其他仪器及器具,111219,千克,0,—,52967683
90189010,听诊器,152,个,56,千克,6469
90189020,血压测量仪器及器具,1377151,个,98101,千克,6210333
90189030,内窥镜,194127,台,100577,千克,77475184
90189040,肾脏透析设备（人工肾...,68859,台,122138,千克,11327580
90189050,透热疗法设备,3152,台,4476,千克,2888882
90189060,输血设备,266724,台,26508,千克,3484033
90189070,麻醉设备,70460,台,46577,千克,5296599
90189099,其他医疗、外科或兽医...,46350332,台,695379,千克,233487406
90191010,按摩器具,181500,台,102755,千克,4451132
90191090,机械疗法器具及心理功...,36500,台,28712,千克,4055077
90192000,（臭氧、氧气、喷雾）...,33063787,台,302983,千克,22132947
90200000,其他呼吸器具及防毒面...,88821,千克,0,—,5664284
90211000,矫形或骨折用器具,68167,千克,0,—,57290717
90212100,假牙,318,千克,0,—,10415377
90212900,牙齿固定件,21420,千克,0,—,33001166
90213100,人造关节,53210,千克,244488,套,43618304
90213900,其他人造的人体部分,25460,千克,0,—,44976566
90214000,助听器，不包括零件、...,109604,个,1418,千克,3643733
90215000,心脏起搏器，不包括零...,4335,个,1443,千克,7635350
90219011,血管支架,20097,千克,204409,个,58072651
90219019,其他支架,10044,千克,63704,个,5631891
90219090,其他为弥补生理缺陷或...,26563,千克,0,—,44402843
90221200,X射线断层检查仪,172,台,356873,千克,76231540
90221300,其他，牙科用X射线应...,153,台,29768,千克,3545470
90221400,其他，医疗、外科或兽...,285,台,566843,千克,97955254
90221910,低剂量X射线安全检查...,19,台,3640,千克,480929
90221920,X射线无损探伤检测仪,59,台,62123,千克,7903975
90221990,未列名X射线的应用设...,745,台,348578,千克,53537045
90222100,医用α、β、γ射线的...,4,台,1367,千克,1563325
90222990,其他α、β、γ射线的...,400,台,11290,千克,3273945
90223000,X射线管,4494,个,153756,千克,50195433
90229010,X射线影像增强器,101,个,1573,千克,547380
90229090,X光发生器等、检查用...,164577,个,402760,千克,62004434
90230010,教习头,20387,千克,0,—,330728
90230090,其他专供示范（例如，...,138524,千克,0,—,11389013
90241010,电子万能试验机,26,台,17027,千克,1928667
90241020,硬度计,247,台,2716,千克,788926
90241090,其他金属材料的试验用...,3826,台,103233,千克,11777587
90248000,其他材料的试验用机器...,12405,台,103380,千克,16194085
90249000,材料试验用机器及器具...,5763,千克,0,—,2017303
90251100,液体温度计，可直接读...,12029,个,1544,千克,254330
90251910,工业用温度计及高温计...,4833555,个,95332,千克,27007807
90251990,未列名温度计及高温计...,6820127,个,104152,千克,20169421
90258000,其他液体比重计、湿度...,3738627,个,44666,千克,13114761
90259000,9025所列货品的零...,50183,千克,32989307,个,15346995
90261000,测量、检验液体流量或...,2266890,个,334961,千克,44470021
90262010,压力/差压变送器,1305217,个,105568,千克,25406672
90262090,其他测量、检验压力的...,23242236,个,402346,千克,107500711
90268010,测量气体流量的仪器及...,762032,个,114503,千克,23120509
90268090,未列名测量或检验液体...,128089,个,37325,千克,7399806
90269000,检测液体或气体变化量...,276997,千克,0,—,72808832
90271000,气体或烟雾分析仪,1955041,台,267110,千克,80399831
90272011,气相色谱仪,654,台,54061,千克,19945611
90272012,液相色谱仪,1287,台,123648,千克,51847751
90272019,其他色谱仪,172,台,10873,千克,8341858
90272020,电泳仪,286,台,3846,千克,2485547
90273000,使用光学射线的分光仪...,26578,台,124961,千克,61622817
90275000,使用光学射线的其他仪...,906522,台,509394,千克,221773226
90278011,集成电路生产用氦质谱...,3,台,61,千克,15271
90278012,质谱联用仪,369,台,95600,千克,53815786
90278019,其他质谱仪,757,台,150487,千克,81984157
90278091,曝光表,1250,个,9,千克,16397
90278099,品目9027所列的其...,12173661,台,552046,千克,181746417
90279000,检镜切片机；9027...,573295,千克,0,—,133069014
90281010,煤气表,40,个,69,千克,680
90281090,其他气量计，包括它们...,2464,个,13597,千克,1458701
90282010,水表,3821,个,3793,千克,99817
90282090,其他液量计，包括它们...,88401,个,4925,千克,848310
90283011,单相感应式电度表,278,个,194,千克,10938
90283012,三相感应式电度表,133,个,191,千克,9561
90283013,单相电子式（静止式）...,50092,个,39212,千克,1877999
90283014,三相电子式（静止式）...,28252,个,28427,千克,2043880
90283019,其他电度表,723,个,351,千克,74187
90283090,其他电量计,218,个,318,千克,193754
90289010,工业用上述计量仪表的...,30181,千克,0,—,1606368
90289090,上述其他计量仪表的未...,29312,千克,0,—,1092505
90291010,转数计,112299,个,3370,千克,566015
90291020,车费计、里程计,138,个,371,千克,47835
90291090,产量计数器、步数计及...,22504,个,4878,千克,1107931
90292010,车辆用速度计,486627,个,39070,千克,7176722
90292090,其他速度计及转速表，...,396057,个,104617,千克,5808427
90299000,品目9029所列仪表...,31499,千克,0,—,9998976
90301000,离子射线的测量或检验...,15231,台,33205,千克,19720509
90302010,测试频率＜300MH...,815,台,3117,千克,2047744
90302090,其他示波器,583,台,7550,千克,20621433
90303110,量程在五位半及以下数...,2255,台,1732,千克,239399
90303190,其他万用表，无记录装...,292,台,845,千克,368132
90303200,万用表，带记录装置,2070,台,7075,千克,2010512
90303310,量程在五位半及以下的...,4518,台,1455,千克,284938
90303320,电阻测试仪，无记录装...,1792,台,3775,千克,1184620
90303390,其他检测电压等仪器及...,1399947,台,139431,千克,22909915
90303900,其他检测电压等仪器及...,5032,台,154740,千克,26224827
90304010,测试频率＜12.4可...,346,台,1522,千克,1111535
90304090,其他通信专用的仪器及...,7456,台,60801,千克,120248220
90308200,测试或检验半导体晶片...,811,台,187416,千克,35879190
90308410,装有记录装置的电感及...,126,台,5541,千克,1700196
90308490,其他装有记录装置用于...,25925,台,76007,千克,50801018
90308910,未装有记录装置电感及...,2057168,台,1068,千克,1562992
90308990,未列名用于电量测量或...,391543,台,36650,千克,16713150
90309000,品目9030所列仪器...,105490,千克,0,—,68392564
90311000,机械零件平衡试验机,166,台,48991,千克,5474734
90312000,试验台,131,台,367169,千克,29129442
90314100,制半导体器件时检验用...,431,台,276701,千克,127522187
90314910,轮廓投影仪,132,台,8713,千克,1812108
90314920,光栅测量装置,13176,台,17968,千克,5137916
90314990,其他测量或检验用光学...,6472261,台,1928351,千克,311056378
90318010,光纤通讯及光纤性能测...,2908,台,11460,千克,13370209
90318020,坐标测量仪,472,台,71715,千克,6281007
90318031,超声波探伤检测仪,519,台,37733,千克,9797005
90318032,磁粉探伤检测仪,149,台,12616,千克,349876
90318033,涡流探伤检测仪,36,台,3106,千克,1070697
90318039,其他无损探伤检测仪器...,39,台,3416,千克,1196959
90318090,未列名测量或检验仪器...,100167950,台,2009425,千克,454079766
90319000,品目9031所列仪器...,361768,千克,0,—,162040043
90321000,恒温器,4913856,台,217163,千克,22720249
90322000,恒压器,77337,台,14895,千克,2767461
90328100,液压或气压自动调节或...,40413,台,96414,千克,10415756
90328911,列车自动防护系统（A...,6,台,1411,千克,1789393
90328919,其他列车自动控制系统...,221,台,150,千克,264771
90328990,其他自动调节或控制仪...,3414744,台,3880735,千克,377088218
90329000,自动调节或控制仪器及...,383993,千克,0,—,41253060
90330000,第90章机器、仪器等...,41726,千克,0,—,7825314
91011100,仅有机械指示器的电动...,790,只,195,千克,31237356
91011990,其他电动的手表，贵金...,371,只,197,千克,93963
91012100,自动上弦手表，表壳用...,5494,只,747,千克,35135151
91012900,表壳用贵金属或包贵金...,602,只,68,千克,8972783
91019900,其他怀表及表，贵金属...,8,只,0,千克,285865
91021100,电动仅有机械指示器的...,655637,只,74654,千克,41763297
91021200,电动仅有光电显示器的...,166308,只,15659,千克,3183588
91021900,其他电动的手表,58095,只,11192,千克,3392930
91022100,其他自动上弦的手表,118765,只,15995,千克,95887045
91022900,未列名手表,1005,只,144,千克,2357244
91029100,其他电动的怀表及表，...,4514,只,304,千克,35456
91029900,未列名怀表及表，包括...,1036,只,249,千克,111204
91031000,电动以表芯装成的钟,195,只,108,千克,7975
91039000,其他以表芯装成的钟,108,只,976,千克,10924
91040000,仪表板钟及车、航空器...,33485,只,4204,千克,681598
91051100,电动的闹钟,5599,只,1389,千克,45765
91051900,其他闹钟,24,只,11,千克,231
91052100,电动的挂钟,47355,只,33835,千克,403699
91052900,其他挂钟,248,只,402,千克,114533
91059190,未列名电动的钟,2353,只,1010,千克,46696
91059900,未列名钟,324,只,2142,千克,420699
91061000,考勤钟、时刻记录器,17316,只,4948,千克,109622
91069000,其他测量、记录或指示...,25270,只,5684,千克,275312
91070000,装有钟、表机芯或同步...,27359,个,3480,千克,265691
91081100,已组装电动的机械指示...,17348167,只,27763,千克,8869744
91081200,已组装电动的光电显示...,92688,只,713,千克,173972
91081900,其他已组装电动的完整...,328877,只,674,千克,235789
91082000,已组装的自动上弦的完...,261462,只,3538,千克,4637689
91089010,其他已组装的完整表芯...,1418,只,22,千克,79139
91089090,未列名已组装的完整表...,8738,只,154,千克,43835
91091000,已组装完整的电动钟芯,133602,只,3715,千克,134657
91099000,其他已组装的完整钟芯,458,只,642,千克,75725
91101100,未组装或部分组装的完...,155455,只,522,千克,402351
91101200,已组装的不完整表芯,262,千克,0,—,553233
91101900,未组装的不完整表芯,106,千克,0,—,5013
91109010,未组装或部分组装的完...,777,千克,400,只,73144
91109090,已组装或未组装不完整...,900,千克,0,—,13700
91111000,贵金属或包贵金属表壳,4,只,0,千克,6462
91112000,贱金属表壳，不论是否...,1718710,只,46559,千克,9420301
91118000,其他表壳,561360,只,4398,千克,585460
91119000,表壳零件,13000,千克,0,—,2227134
91122000,钟壳及本章所列其他货...,15458,只,130,千克,2139
91129000,钟壳和本章所列其他货...,119,千克,0,—,6213
91131000,贵金属或包贵金属制表...,1,千克,0,—,264514
91132000,贱金属表带及其零件，...,65129,千克,0,—,4787487
91139000,其他材料表带及其零件,15835,千克,0,—,2564361
91141000,钟表发条，包括游丝,47,千克,0,—,114425
91143000,钟面或表面,6794,千克,0,—,2412327
91144000,钟表夹板及横担（过桥...,1408,千克,0,—,993535
91149010,钟表宝石轴承,6,千克,0,—,55900
91149090,未列名钟表零件,10083,千克,0,—,6759670
92011000,竖式钢琴，包括自动钢...,11109,台,2582077,千克,10635088
92012000,大钢琴，包括自动钢琴,568,台,185661,千克,6066082
92019000,拨弦古钢琴及其他键盘...,13,台,2898,千克,93326
92021000,弓弦乐器,212,只,424,千克,31452
92029000,其他弦乐器,8767,只,24473,千克,1212707
92051000,铜管乐器,808,只,1644,千克,129877
92059020,手风琴及类似乐器,55,只,869,千克,103578
92059030,口琴,7522,只,1393,千克,139302
92059090,其他管乐器，但游艺场...,10569,只,5473,千克,936387
92060000,打击乐器,18309,只,59841,千克,656383
92071000,通过电产生或扩大声音...,3208,只,85353,千克,1305370
92079000,其他通过电产生或扩大...,3569,个,19355,千克,1601102
92081000,百音盒,1755,个,2308,千克,52992
92089000,其他乐器；各种媒诱音...,23388,个,569,千克,27439
92093000,乐器用弦,72686,千克,0,—,1160097
92099100,钢琴的零件、附件,196699,千克,0,—,1793185
92099200,品目9202所列乐器...,31290,千克,0,—,416902
92099400,品目9207所列乐器...,101267,千克,0,—,1379064
92099910,节拍器、音叉及定音管,3839,千克,0,—,203947
92099990,其他乐器的零件、附件,46225,千克,0,—,1479462
93032000,其他运动、狩猎或打靶...,102,支,663,千克,428157
93033000,其他运动、狩猎或打靶...,18,支,117,千克,168813
93039000,其他靠爆炸药发射的火...,6,支,1,千克,1267
93040000,其他武器（例如，弹簧...,4,支,8,千克,950
93052000,品目9303的猎枪或...,223,千克,0,—,73247
93059900,其他品目9301至9...,641,千克,0,—,88759
93062900,猎枪子弹零件，气枪弹...,1208,千克,0,—,8525
93070090,其他剑、短弯刀、刺刀...,69,千克,181,件,3496
94011000,飞机用坐具,471,个,25408,千克,8454989
94012010,皮革或再生皮革面的机...,876,个,23532,千克,1076239
94012090,机动车辆用其他坐具,6253,个,160632,千克,3018314
94013000,可调高度的转动坐具,21256,个,295982,千克,2273081
94014010,皮革或再生皮革面的能...,2,个,10,千克,857
94014090,其他能作床的两用椅，...,200,个,5795,千克,19487
94015200,竹制的坐具,1794,个,7558,千克,30820
94015300,藤制的坐具,2041,个,13006,千克,88949
94015900,柳条及其他类似材料制...,738,个,2616,千克,8477
94016110,皮革或再生皮革面的带...,8466,个,189859,千克,5406086
94016190,其他带软垫的木框架坐...,50609,个,627181,千克,6176677
94016900,其他木框架坐具,120459,个,1481590,千克,4957055
94017110,皮革或再生皮革面的带...,5165,个,84071,千克,2479377
94017190,其他带软垫的金属框架...,13994,个,254462,千克,3256414
94017900,其他金属框架坐具,77369,个,254621,千克,1114973
94018010,石制的其他坐具,14,个,846,千克,69608
94018090,其他坐具,73061,个,288763,千克,2897604
94019011,机动车辆用座椅调角器,975321,套,425076,千克,4790216
94019019,其他机动车辆用坐具零...,2511229,千克,0,—,24682843
94019090,其他坐具零件,1314921,千克,0,—,11611296
94021010,理发用椅及其零件,231,个,7216,千克,62115
94021090,牙科椅和理发用类似椅...,1642,个,19091,千克,519251
94029000,其他医用家具及其零件,50049,件,280343,千克,9487882
94031000,办公室用金属家具,9978,件,249701,千克,2136507
94032000,其他金属家具,66945,件,769665,千克,7246157
94033000,办公室用木家具,28426,件,741365,千克,1786675
94034000,厨房用木家具,77870,件,1498785,千克,8585347
94035010,卧室用红木家具,11059,件,798960,千克,1547575
94035091,卧室用天然漆（大漆）...,1,件,18,千克,90
94035099,其他卧室用木家具,33744,件,1397261,千克,7233408
94036010,其他红木家具,21286,件,1429694,千克,3100415
94036091,其他天然漆（大漆）漆...,1,件,83,千克,2491
94036099,未列名木家具,360505,件,7179573,千克,20840469
94037000,塑料家具,138826,件,349496,千克,1458145
94038200,竹制家具,34,件,534,千克,8688
94038300,藤制家具,1876,件,2586,千克,24688
94038920,石制家具,813,件,45257,千克,1160788
94038990,未列名材料制家具,12034,件,97937,千克,1458721
94039000,家具的零件,5165666,千克,0,—,12097904
94041000,弹簧床垫,4471,个,184176,千克,2050422
94042100,海绵橡胶或泡沫塑料制...,79887,个,1027703,千克,4953072
94042900,其他材料制褥垫,5866,个,77852,千克,661703
94043010,羽毛或羽绒填充的睡袋,56,个,54,千克,2862
94043090,其他睡袋,1295,个,902,千克,45554
94049010,羽绒或羽毛填充的其他...,18993,千克,0,—,308931
94049020,兽毛填充的其他寝具及...,9132,千克,0,—,208149
94049030,丝棉填充的其他寝具及...,3515,千克,0,—,66435
94049040,化纤棉填充的其他寝具...,103719,千克,0,—,1117940
94049090,未列名寝具及类似用品,458294,千克,0,—,3494423
94051000,枝形吊灯及天花板或墙...,16461,个,39629,千克,1885670
94052000,电气的台灯、床头灯或...,19027,台,35071,千克,1196069
94053000,圣诞树用的成套灯具,10879,套,2306,千克,18152
94054010,探照灯,545,台,5597,千克,355261
94054020,聚光灯,2059,台,4815,千克,471283
94054090,未列名电灯及照明装置,234608,千克,0,—,17209456
94055000,非电气的灯具及照明装...,20404,千克,0,—,188610
94056000,发光标志、发光铭牌及...,4781,千克,0,—,681988
94059100,品目9405所列货品...,12773,千克,0,—,314871
94059200,品目9405所列货品...,49591,千克,0,—,9339887
94059900,品目9405所列货品...,153946,千克,0,—,4542382
94061000,木制活动房屋,11795,千克,0,—,36533
94069000,其他材料制活动房屋,449202,千克,0,—,3760705
95030010,三轮车、踏板车和类似...,5259,辆,23120,千克,312213
95030021,玩具动物,3281632,个,254049,千克,4753183
95030029,玩偶，不论是否着装,3143929,个,273643,千克,11587039
95030060,智力玩具,1599753,套,767898,千克,12591345
95030083,带动力装置的其他玩具...,115060,个,112018,千克,1376995
95030089,未列名玩具及模型,13906989,个,1430823,千克,24622574
95030090,品目9503所列货品...,750479,千克,0,—,11600947
95042000,各种台球的用品及附件,36844,千克,0,—,730319
95043010,用硬币、钞票、银行卡...,49178,台,9330,千克,365084
95043090,其他用硬币、钞票、银...,13529,台,2864,千克,319210
95044000,扑克牌,241791,副,21673,千克,215719
95045011,与电视接收机配套使用...,724842,个,91214,千克,4908320
95045019,与电视接收机配套使用...,2451,台,9370,千克,598643
95045091,其他视频游戏控制器及...,44727844,个,294329,千克,37937979
95045099,其他视频游戏控制器及...,11290,台,7962,千克,1483910
95049010,其他电子游戏机,3433574,台,33876,千克,3478728
95049023,保龄球瓶,1600,个,2546,千克,28000
95049029,其他保龄球自动球道设...,34,台,817,千克,44595
95049030,中国象棋、国际象棋、...,16956,副,4800,千克,57959
95049040,麻将及类似桌上游戏用...,470887,副,66663,千克,608347
95049090,未列名游艺场所、桌上...,1579992,台,63032,千克,648603
95051000,圣诞节用品,39738,千克,0,—,260092
95059000,其他节日或娱乐用品，...,12888,千克,0,—,136594
95061100,滑雪屐,553,双,1125,千克,35813
95061200,滑雪屐扣件（滑雪屐带...,850,千克,0,—,24780
95061900,其他滑雪器械,29650,千克,0,—,762556
95062100,帆板,64,个,1205,千克,94016
95062900,滑水板、冲浪板及其他...,30521,个,15926,千克,423984
95063100,完整的高尔夫球棍,28155,根,12946,千克,2224481
95063200,高尔夫球,1312918,个,65460,千克,1487080
95063900,其他高尔夫球器械,139119,千克,0,—,7731070
95064010,乒乓球,1239,百个,310,千克,2410
95064090,其他乒乓球用品及器械,9946,千克,0,—,1197831
95065100,草地网球拍,1662,支,465,千克,19397
95065900,羽毛球拍或类似球拍,135822,支,8285,千克,942100
95066100,网球,334297,个,24584,千克,222431
95066210,足球、篮球、排球,363438,个,188536,千克,3416830
95066290,其他可充气的运动用球,3442,个,1389,千克,12504
95066900,其他运动用球,517704,个,9810,千克,303539
95067010,溜冰鞋，包括装有冰刀...,10570,双,8109,千克,96314
95067020,旱冰鞋,19559,双,1983,千克,40311
95069111,跑步机,174563,台,217329,千克,1847920
95069119,其他健身及康复器械,531724,千克,0,—,5027605
95069120,滑板,33977,个,22504,千克,169805
95069190,未列名一般体育活动、...,116757,千克,0,—,1260182
95069900,其他运动或户外游戏用...,8091401,个,401123,千克,2883873
95071000,钓鱼竿,2606983,副,25237,千克,3923197
95072000,钓鱼钩，不论有无系钩...,15372,千克,0,—,1016026
95073000,钓线轮,1083684,个,37439,千克,6751520
95079000,其他钓鱼用品；捕捉网...,29023,千克,0,—,997549
95089000,其他旋转木马、秋千等...,312120,千克,0,—,23340533
96019000,已加工其他动物质雕刻...,56438,千克,0,—,35215
96020010,明胶制装药用胶囊,4621,千克,0,—,268385
96020090,已加工植物质或矿物质...,80,千克,0,—,347
96031000,用枝条或其他植物材料...,294316,把,452327,千克,84623
96032100,牙刷，包括齿板刷,57948786,把,195934,千克,8630697
96032900,剃须刷、发刷、指甲刷...,15225083,支,18271,千克,2062531
96033010,画笔,61167,支,836,千克,117070
96033020,毛笔,42938,支,954,千克,44121
96033090,化妆用的类似笔,869311,支,5555,千克,339996
96034011,猪鬃制漆刷及类似刷,5141,把,139,千克,8923
96034019,其他漆刷及类似刷,13777,把,832,千克,61478
96034020,油漆块垫及滚筒,41310,个,6723,千克,72638
96035011,作为机器、器具零件的...,300960,个,6097,千克,398927
96035019,作为车辆零件的金属丝...,70041,个,17,千克,10999
96035091,其他作为机器、器具零...,3458577,个,72262,千克,4200665
96035099,其他作为车辆零件的刷,265,个,436,千克,9429
96039090,其他帚刷拖把等；制帚...,6126145,个,74915,千克,1308844
96040000,手用粗筛、细筛,1286,个,264,千克,16085
96050000,个人梳妆、缝纫或清洁...,16313,套,1832,千克,55540
96061000,揿扣及其零件,45112,千克,0,—,1852334
96062100,塑料制钮扣，未用纺织...,65841,千克,0,—,2025557
96062200,贱金属制钮扣，未用纺...,56442,千克,0,—,1260979
96062900,其他钮扣,5758,千克,0,—,483486
96063000,钮扣芯及钮扣的其他零...,158213,千克,0,—,945964
96071100,装有贱金属齿的拉链,782828,米,39007,千克,1109919
96071900,其他拉链,6737438,米,162764,千克,5191412
96072000,拉链零件,156151,千克,0,—,2902471
96081000,圆珠笔,17051555,支,193962,千克,7841988
96082000,毡尖及其他渗水式笔尖...,15385277,支,164444,千克,3287418
96083010,墨汁画笔,8,支,0,千克,246
96083020,自来水笔,1305358,支,16221,千克,1382029
96083090,铁笔型自来水笔及其他...,191252,支,5824,千克,1727145
96084000,活动铅笔,1095768,支,20416,千克,972018
96085000,由上述两个或多个子目...,34055,套,804,千克,61078
96086000,圆珠笔芯，由圆珠笔头...,14142421,支,37384,千克,1661949
96089100,钢笔头及笔尖粒,3530443,支,372,千克,118559
96089910,机器、仪器用笔,8181,支,128,千克,162488
96089920,蜡纸铁笔；钢笔杆、铅...,135230,支,500,千克,12399
96089990,其他笔零件其他笔零件,43567,千克,0,—,2161253
96091010,铅笔,28516,千克,52963,百支,300145
96091020,颜色铅笔,54068,千克,0,—,736467
96092000,铅笔芯，黑的或其他颜...,3661,千克,0,—,256611
96099000,蜡笔、图画碳笔、粉笔...,91345,千克,0,—,372973
96100000,具有书写或绘画面的石...,74431,千克,0,—,276845
96110000,手用印戳；手工操作排...,13017,千克,0,—,343355
96121000,打字机色带等已着色色...,2707270,个,304030,千克,7152570
96122000,印台，不论是否已加印...,462086,个,6271,千克,155355
96132000,袖珍气体打火机，可充...,2735,个,331,千克,188078
96138000,其他打火器,407802,个,29341,千克,3366676
96139000,打火机等打火器零件，...,79346,千克,0,—,1205345
96140010,烟斗及烟斗头,4217,个,245,千克,46387
96140090,烟嘴；烟斗及烟嘴的零...,13572,千克,0,—,569401
96151100,硬质橡胶或塑料制梳子...,25170,千克,0,—,1138142
96151900,其他梳子、发夹及类似...,12266,千克,0,—,832572
96159000,发卡、卷发夹、卷发器...,6481,千克,0,—,422430
96161000,香水喷雾器等化妆喷雾...,41823,千克,0,—,1120387
96162000,粉扑及粉拍，施敷脂粉...,7897,千克,0,—,728160
96170011,玻璃内胆制的带壳保温...,46014,个,30958,千克,128551
96170019,其他带壳的保温瓶,539775,个,167329,千克,3161468
96170090,其他真空容器；真空容...,55833,千克,0,—,3284125
96180000,人体模型；橱窗装饰用...,11336,千克,0,—,733018
96190011,供婴儿使用的尿裤及尿...,11780454,千克,0,—,61887131
96190019,其他任何材料制的尿裤...,67189,千克,0,—,370562
96190020,任何材料制的卫生巾（...,1001238,千克,0,—,14442438
96190090,任何材料制的尿布衬里...,120289,千克,0,—,300097
96200000,独脚架、双脚架、三脚...,27912,千克,0,—,1355637
97011011,唐卡原件,1,幅,0,千克,22
97011019,其他油画、粉画及其他...,5964,幅,8956,千克,68674938
97011020,手绘油画、粉画及其他...,9110,幅,4621,千克,106114
97019000,拼贴画及类似装饰板,1711,千克,0,—,567366
97020000,雕版画、印制画、石印...,797,幅,665,千克,15056
97030000,各种材料制的雕塑品原...,1154,幅,3664,千克,962333
97040010,使用过或未使用过的邮...,1332,千克,0,—,13813
97040090,使用或未使用过印花税...,5,千克,0,—,1280
97050000,动植物，矿物，解剖，...,200775,千克,0,—,62802
97060000,超过一百年的古物,7618,千克,0,—,13828648
98010010,单项记录价值≤200...,0,千克,0,—,1284392
98040000,低值简易通关商品,7695636311,千克,0,—,539047132
98050000,个人跨境电商商品,8343319,千克,7872576,件,179655033
